     0     3.344190
     1     3.477870
     2     3.615834
     3     3.746183
     4     3.855943
     5     3.945694
     6     4.022915
     7     4.094510
     8     4.156273
     9     4.208946
    10     4.261532
    11     4.310297
    12     4.344848
    13     4.357376
    14     4.361027
    15     4.355536
    16     4.343686
    17     4.322498
    18     4.289736
    19     4.242464
    20     4.181182
    21     4.110454
    22     4.029092
    23     3.926975
    24     3.810699
    25     3.675242
    26     3.530688
    27     3.389609
