# Cycle: 45, status: ACC, move: ('wf', 9000, 3, 18)
#     Time      Potential        Kinetic
         0     -24.971183      17.004036            nan            nan
         1     -24.384122      16.730798            nan            nan
         2     -22.973057      15.105743            nan            nan
         3     -21.405774      13.648823            nan            nan
         4     -19.970474      12.343724            nan            nan
         5     -18.788679      11.033949            nan            nan
         6     -17.892265      10.095383            nan            nan
         7     -17.263829       9.340148            nan            nan
         8     -16.892318       9.082440            nan            nan
         9     -16.788112       8.736370            nan            nan
        10     -16.950508       8.852285            nan            nan
        11     -17.383791       9.196734            nan            nan
        12     -18.112666       9.803219            nan            nan
        13     -19.115211      10.865563            nan            nan
        14     -20.427449      12.415577            nan            nan
        15     -21.977320      13.704503            nan            nan
        16     -23.567939      15.311051            nan            nan
        17     -24.767123      16.784559            nan            nan
