# Cycle: 199959, status: ACC, move: ('sh', 0.570242604, 20, 25)
#     Time      Potential        Kinetic
         0      -0.741496       0.217204            nan            nan
         1      -0.718415       0.209358            nan            nan
         2      -0.695458       0.187610            nan            nan
         3      -0.673172       0.160263            nan            nan
         4      -0.652638       0.147940            nan            nan
         5      -0.633529       0.120355            nan            nan
         6      -0.615882       0.094617            nan            nan
         7      -0.600165       0.080905            nan            nan
         8      -0.585817       0.065082            nan            nan
         9      -0.572253       0.055384            nan            nan
        10      -0.560925       0.035919            nan            nan
        11      -0.551232       0.029366            nan            nan
        12      -0.542295       0.018107            nan            nan
        13      -0.534988       0.014169            nan            nan
        14      -0.528940       0.008395            nan            nan
        15      -0.524965       0.004140            nan            nan
        16      -0.521561       0.003006            nan            nan
        17      -0.518875       0.001943            nan            nan
        18      -0.517092       0.000303            nan            nan
        19      -0.516246       0.000002            nan            nan
        20      -0.517730       0.000086            nan            nan
        21      -0.519571       0.001372            nan            nan
        22      -0.523160       0.008922            nan            nan
        23      -0.528598       0.011420            nan            nan
        24      -0.535378       0.026787            nan            nan
        25      -0.544613       0.032179            nan            nan
        26      -0.555270       0.043610            nan            nan
        27      -0.567419       0.058122            nan            nan
        28      -0.581250       0.067304            nan            nan
        29      -0.595819       0.068921            nan            nan
        30      -0.611299       0.090283            nan            nan
        31      -0.629271       0.135733            nan            nan
        32      -0.649206       0.140997            nan            nan
        33      -0.669652       0.186952            nan            nan
        34      -0.691376       0.152900            nan            nan
        35      -0.712574       0.175580            nan            nan
        36      -0.734378       0.189247            nan            nan
        37      -0.757347       0.234304            nan            nan
