# Cycle: 199959, status: ACC, move: ('sh', 0.570242604, 20, 25)
#     Time       Orderp
         0     0.701118
         1     0.685094
         2     0.669438
         3     0.654455
         4     0.640801
         5     0.628197
         6     0.616626
         7     0.606362
         8     0.597017
         9     0.588198
        10     0.580838
        11     0.574542
        12     0.568737
        13     0.563988
        14     0.560055
        15     0.557470
        16     0.555254
        17     0.553506
        18     0.552344
        19     0.551793
        20     0.552760
        21     0.553959
        22     0.556295
        23     0.559833
        24     0.564241
        25     0.570243
        26     0.577165
        27     0.585057
        28     0.594046
        29     0.603529
        30     0.613629
        31     0.625400
        32     0.638531
        33     0.652105
        34     0.666679
        35     0.681087
        36     0.696143
        37     0.712321
