# Cycle: 0, status: ACC, move: ('ki', 0, 0, 0)
#     Time       Orderp
         0     0.295345
         1     0.301718
         2     0.308927
         3     0.316523
         4     0.324414
         5     0.332518
         6     0.340454
         7     0.347450
         8     0.353079
         9     0.358425
        10     0.362936
        11     0.367401
        12     0.371916
        13     0.377089
        14     0.382412
        15     0.387922
        16     0.394196
        17     0.400814
        18     0.406918
        19     0.414566
        20     0.420928
        21     0.428262
        22     0.434627
        23     0.441189
        24     0.446885
        25     0.452424
        26     0.457236
        27     0.462359
        28     0.466782
        29     0.471371
        30     0.476315
        31     0.480857
        32     0.485691
        33     0.490981
        34     0.496133
        35     0.501229
