# Cycle: 0, status: ACC, move: ('ki', 0, 0, 0)
#     Time       Orderp
         0     0.296177
         1     0.302179
         2     0.307893
         3     0.313131
         4     0.318602
         5     0.324465
         6     0.328593
         7     0.334513
         8     0.338623
         9     0.343032
        10     0.347281
        11     0.350565
        12     0.353481
        13     0.356466
        14     0.358216
        15     0.359918
        16     0.361794
        17     0.362231
        18     0.363189
        19     0.363838
        20     0.363643
        21     0.363803
        22     0.364007
        23     0.363279
        24     0.363406
        25     0.363474
        26     0.362611
        27     0.363228
        28     0.362568
        29     0.361587
        30     0.361171
        31     0.358862
        32     0.356848
        33     0.354927
        34     0.352132
        35     0.349984
        36     0.347964
        37     0.345597
        38     0.343886
        39     0.341523
        40     0.339404
        41     0.337045
        42     0.333750
        43     0.330805
        44     0.327008
        45     0.322725
        46     0.318001
        47     0.313434
        48     0.307200
        49     0.302086
        50     0.296069
