# Total matched probability. Interfaces: -0.8 , -0.7
-9.899999999999999911e-01 1.000000000000000000e+00
-9.897099999999999786e-01 1.000000000000000000e+00
-9.894199999999999662e-01 9.978483663014519056e-01
-9.891299999999999537e-01 9.967407205513197921e-01
-9.888399999999999412e-01 9.955312223184118459e-01
-9.885500000000000398e-01 9.947927918183196994e-01
-9.882600000000000273e-01 9.939907035164954330e-01
-9.879700000000000149e-01 9.928575946456615897e-01
-9.876800000000000024e-01 9.917626804558670184e-01
-9.873899999999999899e-01 9.907568871885024109e-01
-9.870999999999999774e-01 9.897510939211411340e-01
-9.868099999999999650e-01 9.891017843434762868e-01
-9.865199999999999525e-01 9.882742329209588394e-01
-9.862299999999999400e-01 9.872811712139382134e-01
-9.859400000000000386e-01 9.863263041879596349e-01
-9.856500000000000261e-01 9.852695846792054457e-01
-9.853600000000000136e-01 9.845056910584198961e-01
-9.850700000000000012e-01 9.837163343169403884e-01
-9.847799999999999887e-01 9.831561456616979555e-01
-9.844899999999999762e-01 9.821630839546778846e-01
-9.841999999999999638e-01 9.814628481356244549e-01
-9.839099999999999513e-01 9.808517332389968812e-01
-9.836199999999999388e-01 9.803042761441014274e-01
-9.833300000000000374e-01 9.795021878422741635e-01
-9.830400000000000249e-01 9.789419991870340620e-01
-9.827500000000000124e-01 9.780253268420970869e-01
-9.824600000000000000e-01 9.771850438592328825e-01
-9.821699999999999875e-01 9.764466133591379604e-01
-9.818799999999999750e-01 9.758864247038936401e-01
-9.815899999999999626e-01 9.752498466865748838e-01
-9.812999999999999501e-01 9.744222952640604341e-01
-9.810099999999999376e-01 9.736202069622351685e-01
-9.807200000000000362e-01 9.728435817811039721e-01
-9.804300000000000237e-01 9.719396409965121997e-01
-9.801400000000000112e-01 9.715704257464674587e-01
-9.798499999999999988e-01 9.710357002119170966e-01
-9.795599999999999863e-01 9.703863906342480306e-01
-9.792699999999999738e-01 9.696734232548451793e-01
-9.789799999999999613e-01 9.689604558754452146e-01
-9.786899999999999489e-01 9.683238778581247930e-01
-9.783999999999999364e-01 9.676872998408038162e-01
-9.781100000000000350e-01 9.668470168579410551e-01
-9.778200000000000225e-01 9.660194654354211652e-01
-9.775300000000000100e-01 9.652428402542895247e-01
-9.772399999999999975e-01 9.644662150731617700e-01
-9.769499999999999851e-01 9.633458377626754610e-01
-9.766599999999999726e-01 9.627092597453549283e-01
-9.763699999999999601e-01 9.620217554866493659e-01
-9.760799999999999477e-01 9.611560093830919804e-01
-9.757899999999999352e-01 9.603666526416152482e-01
-9.755000000000000338e-01 9.595645643397897606e-01
-9.752100000000000213e-01 9.587242813569263333e-01
-9.749200000000000088e-01 9.580367770982212150e-01
-9.746299999999999963e-01 9.572728834774332229e-01
-9.743399999999999839e-01 9.563562111324922510e-01
-9.740499999999999714e-01 9.556050490720527923e-01
-9.737599999999999589e-01 9.547520345288408317e-01
-9.734699999999999465e-01 9.535934625373194695e-01
-9.731799999999999340e-01 9.524476221061420889e-01
-9.728900000000000325e-01 9.515054866405076028e-01
-9.726000000000000201e-01 9.507415930197229414e-01
-9.723100000000000076e-01 9.500031625196344587e-01
-9.720199999999999951e-01 9.490737586143450644e-01
-9.717299999999999827e-01 9.477114816572747014e-01
-9.714399999999999702e-01 9.468330039933716691e-01
-9.711499999999999577e-01 9.460054525708523343e-01
-9.708599999999999453e-01 9.451269749069486359e-01
-9.705699999999999328e-01 9.444012759672030244e-01
-9.702800000000000313e-01 9.433827511394924370e-01
-9.699900000000000189e-01 9.423642263117822937e-01
-9.697000000000000064e-01 9.415239433289176452e-01
-9.694099999999999939e-01 9.403144450960042589e-01
-9.691199999999999815e-01 9.396142092769497189e-01
-9.688299999999999690e-01 9.389012418975479779e-01
-9.685399999999999565e-01 9.378317908284475868e-01
-9.682499999999999440e-01 9.366477557162289358e-01
-9.679599999999999316e-01 9.357438149316354981e-01
-9.676700000000000301e-01 9.348780688280756701e-01
-9.673800000000000177e-01 9.338468124400138848e-01
-9.670900000000000052e-01 9.328919454140297551e-01
-9.667999999999999927e-01 9.320389308708205700e-01
-9.665099999999999802e-01 9.309822113620670470e-01
-9.662199999999999678e-01 9.296835922067345770e-01
-9.659299999999999553e-01 9.287923829824854538e-01
-9.656399999999999428e-01 9.274428375857648454e-01
-9.653499999999999304e-01 9.267807964477493554e-01
-9.650600000000000289e-01 9.256731506976150214e-01
-9.647700000000000164e-01 9.244763840250495024e-01
-9.644800000000000040e-01 9.235087854387222794e-01
-9.641899999999999915e-01 9.226048446541308401e-01
-9.638999999999999790e-01 9.216881723091897571e-01
-9.636099999999999666e-01 9.204532109555926267e-01
-9.633199999999999541e-01 9.194983439296101624e-01
-9.630299999999999416e-01 9.187981081105576209e-01
-9.627399999999999292e-01 9.181487985328901091e-01
-9.624500000000000277e-01 9.173085155500287913e-01
-9.621600000000000152e-01 9.166592059723606134e-01
-9.618700000000000028e-01 9.154369761791014692e-01
-9.615799999999999903e-01 9.144566460324242696e-01
-9.612899999999999778e-01 9.133744634029764553e-01
-9.609999999999999654e-01 9.120249180062534045e-01
-9.607099999999999529e-01 9.111337087820060576e-01
-9.604199999999999404e-01 9.100897208335958499e-01
-9.601300000000000390e-01 9.087911016782578288e-01
-9.598400000000000265e-01 9.074542878418832004e-01
-9.595500000000000140e-01 9.063339105313977795e-01
-9.592600000000000016e-01 9.053917750657605179e-01
-9.589699999999999891e-01 9.041695452725055926e-01
-9.586799999999999766e-01 9.030618995223680390e-01
-9.583899999999999642e-01 9.019924484532690911e-01
-9.580999999999999517e-01 9.007320239789726735e-01
-9.578099999999999392e-01 8.991660420563615252e-01
-9.575199999999999267e-01 8.980329331855317898e-01
-9.572300000000000253e-01 8.968998243146980576e-01
-9.569400000000000128e-01 8.956775945214435763e-01
-9.566500000000000004e-01 8.948373115385792609e-01
-9.563599999999999879e-01 8.937423973487905737e-01
-9.560699999999999754e-01 8.926856778400350523e-01
-9.557799999999999629e-01 8.913743271243531607e-01
-9.554899999999999505e-01 8.901139026500561879e-01
-9.551999999999999380e-01 8.886370416498707847e-01
-9.549099999999999255e-01 8.874912012186921828e-01
-9.546200000000000241e-01 8.863835554685517426e-01
-9.543300000000000116e-01 8.853141043994553483e-01
-9.540399999999999991e-01 8.840282168044663047e-01
-9.537499999999999867e-01 8.830224235370964792e-01
-9.534599999999999742e-01 8.817492675024548587e-01
-9.531699999999999617e-01 8.806543533126638401e-01
-9.528799999999999493e-01 8.789737873469395391e-01
-9.525899999999999368e-01 8.779679940795700466e-01
-9.523000000000000353e-01 8.767203011656188316e-01
-9.520100000000000229e-01 8.758290919413682651e-01
-9.517200000000000104e-01 8.743140362601461435e-01
-9.514299999999999979e-01 8.733464376738163670e-01
-9.511399999999999855e-01 8.722769866047157539e-01
-9.508499999999999730e-01 8.705836890786398108e-01
-9.505599999999999605e-01 8.689158546732608235e-01
-9.502699999999999481e-01 8.678718667248528362e-01
-9.499799999999999356e-01 8.667514894143680815e-01
-9.496900000000000341e-01 8.653510177762657740e-01
-9.494000000000000217e-01 8.642815667071660490e-01
-9.491100000000000092e-01 8.629320213104446635e-01
-9.488199999999999967e-01 8.615188181119916022e-01
-9.485299999999999843e-01 8.600928833531920059e-01
-9.482399999999999718e-01 8.583741227064236590e-01
-9.479499999999999593e-01 8.572410138355905929e-01
-9.476599999999999469e-01 8.557132265940210480e-01
-9.473699999999999344e-01 8.539690028265589650e-01
-9.470800000000000329e-01 8.527595045936471330e-01
-9.467900000000000205e-01 8.512062542313851843e-01
-9.465000000000000080e-01 8.498439772743177079e-01
-9.462099999999999955e-01 8.488636471276422846e-01
-9.459199999999999831e-01 8.474759070498825153e-01
-9.456299999999999706e-01 8.460245091703908482e-01
-9.453399999999999581e-01 8.444330641270864080e-01
-9.450499999999999456e-01 8.426251825578928711e-01
-9.447599999999999332e-01 8.412629056008275041e-01
-9.444700000000000317e-01 8.396205343161381451e-01
-9.441800000000000193e-01 8.382073311176878594e-01
-9.438900000000000068e-01 8.367559332381946380e-01
-9.435999999999999943e-01 8.355846296863219669e-01
-9.433099999999999818e-01 8.342732789706394092e-01
-9.430199999999999694e-01 8.327454917290683101e-01
-9.427299999999999569e-01 8.315487250565033461e-01
-9.424399999999999444e-01 8.300591324959728512e-01
-9.421499999999999320e-01 8.290151445475657521e-01
-9.418600000000000305e-01 8.272963839008057318e-01
-9.415700000000000180e-01 8.257685966592327453e-01
-9.412800000000000056e-01 8.244317828228576728e-01
-9.409899999999999931e-01 8.233241370727181208e-01
-9.406999999999999806e-01 8.218218129518418680e-01
-9.404099999999999682e-01 8.202685625895789201e-01
-9.401199999999999557e-01 8.189317487532055129e-01
-9.398299999999999432e-01 8.177349820806389946e-01
-9.395399999999999308e-01 8.160926107959494136e-01
-9.392500000000000293e-01 8.147812600802673000e-01
-9.389600000000000168e-01 8.130115731921195854e-01
-9.386700000000000044e-01 8.114837859505465989e-01
-9.383799999999999919e-01 8.099432671486288537e-01
-9.380899999999999794e-01 8.086319164329511811e-01
-9.377999999999999670e-01 8.076388547259293338e-01
-9.375099999999999545e-01 8.064930142947503988e-01
-9.372199999999999420e-01 8.053217107428795041e-01
-9.369299999999999295e-01 8.036411447771520944e-01
-9.366400000000000281e-01 8.022152100183532752e-01
-9.363500000000000156e-01 8.011966851906378029e-01
-9.360600000000000032e-01 7.998980660353001149e-01
-9.357699999999999907e-01 7.981411107074896094e-01
-9.354799999999999782e-01 7.969570755952744001e-01
-9.351899999999999658e-01 7.956711880002869108e-01
-9.348999999999999533e-01 7.940288167155952204e-01
-9.346099999999999408e-01 7.923482507498669225e-01
-9.343200000000000394e-01 7.908459266289856737e-01
-9.340300000000000269e-01 7.895218443529565810e-01
-9.337400000000000144e-01 7.880577149131174908e-01
-9.334500000000000020e-01 7.866063170336223820e-01
-9.331599999999999895e-01 7.847475092230473681e-01
-9.328699999999999770e-01 7.832961113435561451e-01
-9.325799999999999645e-01 7.818574450244125673e-01
-9.322899999999999521e-01 7.807243361535777249e-01
-9.319999999999999396e-01 7.791074279895807697e-01
-9.317100000000000382e-01 7.776305669893929240e-01
-9.314200000000000257e-01 7.763574109547505264e-01
-9.311300000000000132e-01 7.751097180407983123e-01
-9.308400000000000007e-01 7.730472052646767400e-01
-9.305499999999999883e-01 7.717867807903794342e-01
-9.302599999999999758e-01 7.700552885832668837e-01
-9.299699999999999633e-01 7.680564336088747668e-01
-9.296799999999999509e-01 7.663631360827956041e-01
-9.293899999999999384e-01 7.646316438756801670e-01
-9.291000000000000369e-01 7.629765410306483808e-01
-9.288100000000000245e-01 7.617161165563516301e-01
-9.285200000000000120e-01 7.602774502372066090e-01
-9.282299999999999995e-01 7.586987367542482597e-01
-9.279399999999999871e-01 7.573873860385647028e-01
-9.276499999999999746e-01 7.556049675900653462e-01
-9.273599999999999621e-01 7.541917643916108416e-01
-9.270699999999999497e-01 7.524984668655427811e-01
-9.267799999999999372e-01 7.511489214688243932e-01
-9.264900000000000357e-01 7.493410398996266375e-01
-9.262000000000000233e-01 7.476350108132028272e-01
-9.259100000000000108e-01 7.458653239250490063e-01
-9.256199999999999983e-01 7.437264217868495564e-01
-9.253299999999999859e-01 7.417657614935022625e-01
-9.250399999999999734e-01 7.405053370192067330e-01
-9.247499999999999609e-01 7.386847238896683265e-01
-9.244599999999999485e-01 7.372715206912122676e-01
-9.241699999999999360e-01 7.358328543720701331e-01
-9.238800000000000345e-01 7.340249728028778176e-01
-9.235900000000000221e-01 7.328918639320450845e-01
-9.233000000000000096e-01 7.311094454835412870e-01
-9.230099999999999971e-01 7.294925373195449980e-01
-9.227199999999999847e-01 7.283085022073276793e-01
-9.224299999999999722e-01 7.264878890777898279e-01
-9.221399999999999597e-01 7.251510752414160876e-01
-9.218499999999999472e-01 7.237378720429611390e-01
-9.215599999999999348e-01 7.219172589134218443e-01
-9.212700000000000333e-01 7.200329879821508738e-01
-9.209800000000000209e-01 7.181869117319201745e-01
-9.206900000000000084e-01 7.165954666886139579e-01
-9.203999999999999959e-01 7.146348063952625562e-01
-9.201099999999999834e-01 7.133234556795789993e-01
-9.198199999999999710e-01 7.117320106362745591e-01
-9.195299999999999585e-01 7.100896393515829796e-01
-9.192399999999999460e-01 7.081417106185755594e-01
-9.189499999999999336e-01 7.065502655752782246e-01
-9.186600000000000321e-01 7.047933102474704947e-01
-9.183700000000000196e-01 7.029726971179319772e-01
-9.180800000000000072e-01 7.008592581004302602e-01
-9.177899999999999947e-01 6.996879545485593654e-01
-9.174999999999999822e-01 6.982110935483705205e-01
-9.172099999999999698e-01 6.965432591429862041e-01
-9.169199999999999573e-01 6.946207935306755177e-01
-9.166299999999999448e-01 6.927747172804415987e-01
-9.163399999999999324e-01 6.902029420904626233e-01
-9.160500000000000309e-01 6.885096445643871244e-01
-9.157600000000000184e-01 6.872364885297468362e-01
-9.154700000000000060e-01 6.857850906502580557e-01
-9.151799999999999935e-01 6.843082296500716533e-01
-9.148899999999999810e-01 6.823603009170666756e-01
-9.145999999999999686e-01 6.808579767961906448e-01
-9.143099999999999561e-01 6.792156055114991764e-01
-9.140199999999999436e-01 6.778151338733899856e-01
-9.137299999999999311e-01 6.761854941490450521e-01
-9.134400000000000297e-01 6.744540019419341670e-01
-9.131500000000000172e-01 6.725315363296237026e-01
-9.128600000000000048e-01 6.709018966052852084e-01
-9.125699999999999923e-01 6.690558203550535099e-01
-9.122799999999999798e-01 6.673625228289784550e-01
-9.119899999999999674e-01 6.655291781390915151e-01
-9.116999999999999549e-01 6.638740752940622825e-01
-9.114099999999999424e-01 6.621935093283312090e-01
-9.111199999999999299e-01 6.599654862677082345e-01
-9.108300000000000285e-01 6.583995043450976414e-01
-9.105400000000000160e-01 6.571136167501058223e-01
-9.102500000000000036e-01 6.552802720602226572e-01
-9.099599999999999911e-01 6.533960011289524639e-01
-9.096699999999999786e-01 6.509260784217488771e-01
-9.093799999999999661e-01 6.490800021715191770e-01
-9.090899999999999537e-01 6.472848521626707319e-01
-9.087999999999999412e-01 6.453496549900114010e-01
-9.085099999999999287e-01 6.436563574639371232e-01
-9.082200000000000273e-01 6.421285702223658021e-01
-9.079300000000000148e-01 6.409699982308454391e-01
-9.076400000000000023e-01 6.391875797823434180e-01
-9.073499999999999899e-01 6.371505301269142496e-01
-9.070599999999999774e-01 6.355845482043029904e-01
-9.067699999999999649e-01 6.340058347213450851e-01
-9.064799999999999525e-01 6.319433219452226247e-01
-9.061899999999999400e-01 6.302627559794912182e-01
-9.058999999999999275e-01 6.285949215741103435e-01
-9.056100000000000261e-01 6.270162080911556579e-01
-9.053200000000000136e-01 6.254502261685471742e-01
-9.050300000000000011e-01 6.235914183579691628e-01
-9.047399999999999887e-01 6.219617786336241183e-01
-9.044499999999999762e-01 6.201920917454737392e-01
-9.041599999999999637e-01 6.179895318055439457e-01
-9.038699999999999513e-01 6.161434555553152448e-01
-9.035799999999999388e-01 6.144246949085458986e-01
-9.032899999999999263e-01 6.128841761066283755e-01
-9.030000000000000249e-01 6.110635629770966304e-01
-9.027100000000000124e-01 6.095612388562234862e-01
-9.024199999999999999e-01 6.075751154421782374e-01
-9.021299999999999875e-01 6.057035760712518035e-01
-9.018399999999999750e-01 6.043031044331453883e-01
-9.015499999999999625e-01 6.026861962691487662e-01
-9.012599999999999500e-01 6.013366508724232729e-01
-9.009699999999999376e-01 5.997834005101587707e-01
-9.006799999999999251e-01 5.979755189409642346e-01
-9.003900000000000237e-01 5.964222685786975120e-01
-9.001000000000000112e-01 5.945507292077728545e-01
-8.998099999999999987e-01 5.929210894834265888e-01
-8.995199999999999863e-01 5.908585767073016859e-01
-8.992299999999999738e-01 5.892416685433061740e-01
-8.989399999999999613e-01 5.875229078965376051e-01
-8.986499999999999488e-01 5.856513685256119484e-01
-8.983599999999999364e-01 5.839835341202310737e-01
-8.980699999999999239e-01 5.826976465252385884e-01
-8.977800000000000225e-01 5.814372220509405054e-01
-8.974900000000000100e-01 5.797184614041768214e-01
-8.971999999999999975e-01 5.780760901194840207e-01
-8.969099999999999850e-01 5.758735301795556705e-01
-8.966199999999999726e-01 5.742693535759050283e-01
-8.963299999999999601e-01 5.726397138515632035e-01
-8.960399999999999476e-01 5.712647053341519676e-01
-8.957499999999999352e-01 5.691767294373392128e-01
-8.954599999999999227e-01 5.675216265923007652e-01
-8.951700000000000212e-01 5.659556446696880627e-01
-8.948800000000000088e-01 5.642241524625773996e-01
-8.945899999999999963e-01 5.622762237295725329e-01
-8.942999999999999838e-01 5.606975102466169592e-01
-8.940099999999999714e-01 5.591824545653913958e-01
-8.937199999999999589e-01 5.574382307979346418e-01
-8.934299999999999464e-01 5.559995644787880664e-01
-8.931399999999999340e-01 5.542808038320201636e-01
-8.928499999999999215e-01 5.529185268749582383e-01
-8.925600000000000200e-01 5.503722148056746644e-01
-8.922700000000000076e-01 5.487807697623705572e-01
-8.919799999999999951e-01 5.472657140811438836e-01
-8.916899999999999826e-01 5.458525108826908223e-01
-8.913999999999999702e-01 5.440573608738478173e-01
-8.911099999999999577e-01 5.425550367529720086e-01
-8.908199999999999452e-01 5.410399810717482216e-01
-8.905299999999999327e-01 5.390538576577057484e-01
-8.902399999999999203e-01 5.373860232523234304e-01
-8.899500000000000188e-01 5.358709675710964238e-01
-8.896600000000000064e-01 5.339485019587814074e-01
-8.893699999999999939e-01 5.324971040792848553e-01
-8.890799999999999814e-01 5.308547327945964955e-01
-8.887899999999999689e-01 5.294287980357970103e-01
-8.884999999999999565e-01 5.273917483803695072e-01
-8.882099999999999440e-01 5.259276189405299728e-01
-8.879199999999999315e-01 5.245908051041542342e-01
-8.876299999999999191e-01 5.234704277936680361e-01
-8.873400000000000176e-01 5.219935667934806345e-01
-8.870500000000000052e-01 5.204912426726000518e-01
-8.867599999999999927e-01 5.185560454999431634e-01
-8.864699999999999802e-01 5.165571905255551544e-01
-8.861799999999999677e-01 5.149784770426001357e-01
-8.858899999999999553e-01 5.132342532751403841e-01
-8.855999999999999428e-01 5.115791504301074877e-01
-8.853099999999999303e-01 5.102296050333874344e-01
-8.850199999999999179e-01 5.087400124728540529e-01
-8.847300000000000164e-01 5.071485674295528323e-01
-8.844400000000000039e-01 5.052897596189718232e-01
-8.841499999999999915e-01 5.036728514549755342e-01
-8.838599999999999790e-01 5.020814064116730924e-01
-8.835699999999999665e-01 5.007191294546068372e-01
-8.832799999999999541e-01 4.995350943423915724e-01
-8.829899999999999416e-01 4.977654074542362528e-01
-8.826999999999999291e-01 4.965177145402834835e-01
-8.824099999999999167e-01 4.945825173676252628e-01
-8.821200000000000152e-01 4.928637567208558057e-01
-8.818300000000000027e-01 4.913232379189402810e-01
-8.815399999999999903e-01 4.896554035135583516e-01
-8.812499999999999778e-01 4.880766900306011680e-01
-8.809599999999999653e-01 4.862942715821013118e-01
-8.806699999999999529e-01 4.848810683836487501e-01
-8.803799999999999404e-01 4.834678651851975761e-01
-8.800899999999999279e-01 4.816854467366992187e-01
-8.797999999999999154e-01 4.802595119778985677e-01
-8.795100000000000140e-01 4.788463087794426754e-01
-8.792200000000000015e-01 4.773185215378755175e-01
-8.789299999999999891e-01 4.758671236583816300e-01
-8.786399999999999766e-01 4.741228998909194914e-01
-8.783499999999999641e-01 4.727606229338502941e-01
-8.780599999999999516e-01 4.712073725715871797e-01
-8.777699999999999392e-01 4.699596796576363533e-01
-8.774799999999999267e-01 4.688011076661129928e-01
-8.771899999999999142e-01 4.670568838986540738e-01
-8.769000000000000128e-01 4.658219225450493939e-01
-8.766100000000000003e-01 4.641795512603563156e-01
-8.763199999999999878e-01 4.626644955791297531e-01
-8.760299999999999754e-01 4.612130976996376419e-01
-8.757399999999999629e-01 4.597616998201414784e-01
-8.754499999999999504e-01 4.586922487510388113e-01
-8.751599999999999380e-01 4.572026561905075948e-01
-8.748699999999999255e-01 4.556112111472087056e-01
-8.745799999999999130e-01 4.539051820607928889e-01
-8.742900000000000116e-01 4.523392001381845162e-01
-8.739999999999999991e-01 4.510660441035428958e-01
-8.737099999999999866e-01 4.498183511895924025e-01
-8.734199999999999742e-01 4.482523692669793669e-01
-8.731299999999999617e-01 4.466227295426344335e-01
-8.728399999999999492e-01 4.450567476200240624e-01
-8.725499999999999368e-01 4.438345178267648072e-01
-8.722599999999999243e-01 4.425868249128128706e-01
-8.719699999999999118e-01 4.411736217143578109e-01
-8.716800000000000104e-01 4.393020823434342637e-01
-8.713899999999999979e-01 4.374687376535513206e-01
-8.710999999999999854e-01 4.362210447396006052e-01
-8.708099999999999730e-01 4.340821426014009887e-01
-8.705199999999999605e-01 4.326307447219073787e-01
-8.702299999999999480e-01 4.311538837217218090e-01
-8.699399999999999356e-01 4.291422971869880976e-01
-8.696499999999999231e-01 4.278309464713043186e-01
-8.693599999999999106e-01 4.263540854711171391e-01
-8.690700000000000092e-01 4.249790769536988533e-01
-8.687799999999999967e-01 4.236677262380204589e-01
-8.684899999999999842e-01 4.223054492809511506e-01
-8.681999999999999718e-01 4.210832194876920620e-01
-8.679099999999999593e-01 4.195808953668094254e-01
-8.676199999999999468e-01 4.179003294010805725e-01
-8.673299999999999343e-01 4.163852737198530107e-01
-8.670399999999999219e-01 4.150866545645167105e-01
-8.667499999999999094e-01 4.144373449868498649e-01
-8.664600000000000080e-01 4.129604839866651278e-01
-8.661699999999999955e-01 4.118273751158308404e-01
-8.658799999999999830e-01 4.106178768829237824e-01
-8.655899999999999705e-01 4.089500424775412979e-01
-8.652999999999999581e-01 4.073967921152761296e-01
-8.650099999999999456e-01 4.062254885634012380e-01
-8.647199999999999331e-01 4.045449225976707752e-01
-8.644300000000000317e-01 4.029789406750557967e-01
-8.641399999999999082e-01 4.018967580456084265e-01
-8.638500000000000068e-01 4.005472126488911488e-01
-8.635599999999999943e-01 3.987393310797042734e-01
-8.632699999999999818e-01 3.967659392260092788e-01
-8.629799999999999693e-01 3.955182463120662240e-01
-8.626899999999999569e-01 3.932138338893659824e-01
-8.623999999999999444e-01 3.918642884926440972e-01
-8.621099999999999319e-01 3.905784008976552757e-01
-8.618200000000000305e-01 3.893307079837080575e-01
-8.615299999999999070e-01 3.878283838628286961e-01
-8.612400000000000055e-01 3.862878650609118947e-01
-8.609499999999999931e-01 3.847473462589910409e-01
-8.606599999999999806e-01 3.832959483794970978e-01
-8.603699999999999681e-01 3.821119132672751162e-01
-8.600799999999999557e-01 3.805841260257021297e-01
-8.597899999999999432e-01 3.791836543875973242e-01
-8.594999999999999307e-01 3.781142033184969331e-01
-8.592100000000000293e-01 3.770320206890485082e-01
-8.589199999999999058e-01 3.753387231629757292e-01
-8.586300000000000043e-01 3.740655671283338313e-01
-8.583399999999999919e-01 3.726396323695312374e-01
-8.580499999999999794e-01 3.714937919383508591e-01
-8.577599999999999669e-01 3.704243408692510231e-01
-8.574699999999999545e-01 3.689856745501056690e-01
-8.571799999999999420e-01 3.672159876619549568e-01
-8.568899999999999295e-01 3.657518582221162551e-01
-8.566000000000000281e-01 3.643768497047059074e-01
-8.563099999999999046e-01 3.627090152993222016e-01
-8.560200000000000031e-01 3.613849330232965507e-01
-8.557299999999999907e-01 3.599844613851892472e-01
-8.554399999999999782e-01 3.587113053505451843e-01
-8.551499999999999657e-01 3.569798131434374633e-01
-8.548599999999999532e-01 3.561140670398799668e-01
-8.545699999999999408e-01 3.547517900828106585e-01
-8.542799999999999283e-01 3.534786340481674283e-01
-8.539900000000000269e-01 3.524473776601066421e-01
-8.536999999999999034e-01 3.511487585047694537e-01
-8.534100000000000019e-01 3.491499035303796128e-01
-8.531199999999999894e-01 3.475329953663826021e-01
-8.528299999999999770e-01 3.464253496162442159e-01
-8.525399999999999645e-01 3.450121464177883790e-01
-8.522499999999999520e-01 3.435098222969099058e-01
-8.519599999999999396e-01 3.424658343485038059e-01
-8.516699999999999271e-01 3.413836517190554365e-01
-8.513800000000000257e-01 3.406197580982709971e-01
-8.510899999999999022e-01 3.392065548998156599e-01
-8.508000000000000007e-01 3.378952041841327691e-01
-8.505099999999999882e-01 3.371058474426522622e-01
-8.502199999999999758e-01 3.357690336062799652e-01
-8.499299999999999633e-01 3.345213406923312482e-01
-8.496399999999999508e-01 3.331463321749189022e-01
-8.493499999999999384e-01 3.320896126661662673e-01
-8.490599999999999259e-01 3.303326573383645881e-01
-8.487700000000000244e-01 3.291231591054527006e-01
-8.484799999999999010e-01 3.278627346311562274e-01
-8.481899999999999995e-01 3.265895785965117204e-01
-8.478999999999999870e-01 3.255073959670631845e-01
-8.476099999999999746e-01 3.240687296479174972e-01
-8.473199999999999621e-01 3.227828420529253450e-01
-8.470299999999999496e-01 3.214332966562036820e-01
-8.467399999999999372e-01 3.197272675697817035e-01
-8.464499999999999247e-01 3.183777221730629270e-01
-8.461600000000000232e-01 3.170791030177248504e-01
-8.458699999999998997e-01 3.158441416641267763e-01
-8.455799999999999983e-01 3.146601065519100127e-01
-8.452899999999999858e-01 3.132087086724222313e-01
-8.449999999999999734e-01 3.118846263963984677e-01
-8.447099999999999609e-01 3.107515175255634032e-01
-8.444199999999999484e-01 3.096056770943853564e-01
-8.441299999999999359e-01 3.084598366632106958e-01
-8.438399999999999235e-01 3.072376068699529950e-01
-8.435500000000000220e-01 3.060917664387736159e-01
-8.432599999999998985e-01 3.049586575679412159e-01
-8.429699999999999971e-01 3.037618908953752528e-01
-8.426799999999999846e-01 3.028452185504321714e-01
-8.423899999999999721e-01 3.013174313088637923e-01
-8.420999999999999597e-01 3.004898798863463449e-01
-8.418099999999999472e-01 2.990766766878935612e-01
-8.415199999999999347e-01 2.981090781015669489e-01
-8.412299999999999223e-01 2.968231905065797371e-01
-8.409400000000000208e-01 2.958683234805981055e-01
-8.406499999999998973e-01 2.943787309200666114e-01
-8.403599999999999959e-01 2.933220114113124222e-01
-8.400699999999999834e-01 2.924435337474085572e-01
-8.397799999999999709e-01 2.912340355145015547e-01
-8.394899999999999585e-01 2.899226847988227163e-01
-8.391999999999999460e-01 2.888914284107656494e-01
-8.389099999999999335e-01 2.877710511002771199e-01
-8.386199999999999211e-01 2.865106266259868084e-01
-8.383300000000000196e-01 2.853902493155029418e-01
-8.380399999999998961e-01 2.841298248412030270e-01
-8.377499999999999947e-01 2.830094475307179946e-01
-8.374599999999999822e-01 2.819781911426579302e-01
-8.371699999999999697e-01 2.806413773062823025e-01
-8.368799999999999573e-01 2.796992418406492042e-01
-8.365899999999999448e-01 2.784133542456597721e-01
-8.362999999999999323e-01 2.773566347369083029e-01
-8.360099999999999199e-01 2.764017677109266713e-01
-8.357200000000000184e-01 2.751795379176669165e-01
-8.354299999999998949e-01 2.740718921675279196e-01
-8.351399999999999935e-01 2.733207301070904038e-01
-8.348499999999999810e-01 2.724167893224950787e-01
-8.345599999999999685e-01 2.712327542102795364e-01
-8.342699999999999561e-01 2.701633031411839192e-01
-8.339799999999999436e-01 2.687882946237692416e-01
-8.336899999999999311e-01 2.677061119943257572e-01
-8.333999999999999186e-01 2.668530974511134635e-01
-8.331100000000000172e-01 2.658982304251290563e-01
-8.328199999999998937e-01 2.648415109163761438e-01
-8.325299999999999923e-01 2.638611807697002209e-01
-8.322399999999999798e-01 2.621933463643161821e-01
-8.319499999999999673e-01 2.607292169244790347e-01
-8.316599999999999548e-01 2.595324502519150145e-01
-8.313699999999999424e-01 2.581701732948472050e-01
-8.310799999999999299e-01 2.569606750619405355e-01
-8.307899999999999174e-01 2.556493243462589771e-01
-8.305000000000000160e-01 2.545798732771568651e-01
-8.302099999999998925e-01 2.534976906477127145e-01
-8.299199999999999910e-01 2.526446761045038070e-01
-8.296299999999999786e-01 2.515115672336708519e-01
-8.293399999999999661e-01 2.505694317680363659e-01
-8.290499999999999536e-01 2.497546119058643155e-01
-8.287599999999999412e-01 2.487360870781514244e-01
-8.284699999999999287e-01 2.478576094142500019e-01
-8.281799999999999162e-01 2.464571377761445581e-01
-8.278900000000000148e-01 2.456168547932797153e-01
-8.275999999999998913e-01 2.444582828017578813e-01
-8.273099999999999898e-01 2.433506370516188566e-01
-8.270199999999999774e-01 2.421793334997463798e-01
-8.267299999999999649e-01 2.411608086720306021e-01
-8.264399999999999524e-01 2.403587203702045316e-01
-8.261499999999999400e-01 2.392892693011042238e-01
-8.258599999999999275e-01 2.384489863182418512e-01
-8.255699999999999150e-01 2.369721253180527010e-01
-8.252800000000000136e-01 2.356862377230637406e-01
-8.249899999999998901e-01 2.347950284988167824e-01
-8.246999999999999886e-01 2.334072884210610654e-01
-8.244099999999999762e-01 2.323123742312715734e-01
-8.241199999999999637e-01 2.313193125242498094e-01
-8.238299999999999512e-01 2.300970827309895550e-01
-8.235399999999999388e-01 2.293204575498562769e-01
-8.232499999999999263e-01 2.282637380411031425e-01
-8.229599999999999138e-01 2.271051660495806146e-01
-8.226700000000000124e-01 2.259720571787488808e-01
-8.223799999999999999e-01 2.252208951183082286e-01
-8.220899999999999874e-01 2.243169543337104888e-01
-8.217999999999999750e-01 2.234130135491151914e-01
-8.215099999999999625e-01 2.225854621265970223e-01
-8.212199999999999500e-01 2.215542057385349595e-01
-8.209299999999999375e-01 2.206248018332438166e-01
-8.206399999999999251e-01 2.198991028934947911e-01
-8.203499999999999126e-01 2.188551149450901068e-01
-8.200600000000000112e-01 2.177856638759894936e-01
-8.197699999999999987e-01 2.167416759275802296e-01
-8.194799999999999862e-01 2.155703723757088908e-01
-8.191899999999999737e-01 2.144881897462615761e-01
-8.188999999999999613e-01 2.133805439961231065e-01
-8.186099999999999488e-01 2.120819248407872781e-01
-8.183199999999999363e-01 2.112034471768834965e-01
-8.180299999999999239e-01 2.103631641940184316e-01
-8.177399999999999114e-01 2.096883914956577111e-01
-8.174500000000000099e-01 2.088226453921015469e-01
-8.171599999999999975e-01 2.081987989351253288e-01
-8.168699999999999850e-01 2.072312003488011034e-01
-8.165799999999999725e-01 2.059453127538104500e-01
-8.162899999999999601e-01 2.053978556589146909e-01
-8.159999999999999476e-01 2.044939148743184221e-01
-8.157099999999999351e-01 2.037427528138798793e-01
-8.154199999999999227e-01 2.027242279861648788e-01
-8.151299999999999102e-01 2.018457503222590710e-01
-8.148400000000000087e-01 2.005725942876174228e-01
-8.145499999999999963e-01 1.997959691064848942e-01
-8.142599999999999838e-01 1.988283705201552842e-01
-8.139699999999999713e-01 1.981408662614496108e-01
-8.136799999999999589e-01 1.974915566837794345e-01
-8.133899999999999464e-01 1.966512737009136758e-01
-8.130999999999999339e-01 1.959128432008215570e-01
-8.128099999999999214e-01 1.950852917783064133e-01
-8.125199999999999090e-01 1.944614453213324712e-01
-8.122300000000000075e-01 1.935320414160467684e-01
-8.119399999999999951e-01 1.925007850279862043e-01
-8.116499999999999826e-01 1.915841126830426511e-01
-8.113599999999999701e-01 1.910111924674524619e-01
-8.110699999999999577e-01 1.899162782776614433e-01
-8.107799999999999452e-01 1.889359481309845767e-01
-8.104899999999999327e-01 1.880702020274267472e-01
-8.101999999999999202e-01 1.870898718807532113e-01
-8.099099999999999078e-01 1.865424147858552040e-01
-8.096200000000000063e-01 1.858803736478408797e-01
-8.093299999999999939e-01 1.851419431477464295e-01
-8.090399999999999814e-01 1.842507339234968344e-01
-8.087499999999999689e-01 1.834995718630589301e-01
-8.084599999999999564e-01 1.825574363974244718e-01
-8.081699999999999440e-01 1.816025693714413136e-01
-8.078799999999999315e-01 1.808768704316940368e-01
-8.075899999999999190e-01 1.799601980867520379e-01
-8.072999999999999066e-01 1.793363516297761528e-01
-8.070100000000000051e-01 1.786361158107232783e-01
-8.067199999999999926e-01 1.779358799916695710e-01
-8.064299999999999802e-01 1.770446707674185327e-01
-8.061399999999999677e-01 1.763698980690583673e-01
-8.058499999999999552e-01 1.752240576378834847e-01
-8.055599999999999428e-01 1.748930370688765445e-01
-8.052699999999999303e-01 1.742055328101700662e-01
-8.049799999999999178e-01 1.731488133014187913e-01
-8.046899999999999054e-01 1.720411675512781291e-01
-8.044000000000000039e-01 1.711117636459902336e-01
-8.041099999999999914e-01 1.702078228613948807e-01
-8.038199999999999790e-01 1.692784189561063191e-01
-8.035299999999999665e-01 1.686927671801705109e-01
-8.032399999999999540e-01 1.678779473179974335e-01
-8.029499999999999416e-01 1.672031746196378510e-01
-8.026599999999999291e-01 1.667703015678597411e-01
-8.023699999999999166e-01 1.658536292229207953e-01
-8.020799999999999041e-01 1.650897356021346629e-01
-8.017900000000000027e-01 1.643640366623885796e-01
-8.014999999999999902e-01 1.638547742485326753e-01
-8.012099999999999778e-01 1.630781490673989531e-01
-8.009199999999999653e-01 1.626707391363123589e-01
-8.006299999999999528e-01 1.617667983517152297e-01
-8.003399999999999403e-01 1.611429518947397055e-01
-8.000499999999999279e-01 1.606082263601885385e-01
-8.000000000000000444e-01 1.597552118169804636e-01
-7.999000000000000554e-01 1.597552118169804636e-01
-7.998000000000000664e-01 1.597239690428641223e-01
-7.997000000000000774e-01 1.592230721596915588e-01
-7.996000000000000885e-01 1.589141339181833201e-01
-7.995000000000000995e-01 1.587825273482799671e-01
-7.993999999999999995e-01 1.586137603190942158e-01
-7.993000000000000105e-01 1.582177473089848019e-01
-7.992000000000000215e-01 1.580840193161481555e-01
-7.991000000000000325e-01 1.577824473369522362e-01
-7.990000000000000435e-01 1.576501416617639428e-01
-7.989000000000000545e-01 1.575442091307756864e-01
-7.988000000000000655e-01 1.573119645470631434e-01
-7.987000000000000766e-01 1.571979838678190244e-01
-7.986000000000000876e-01 1.569712760774299165e-01
-7.984999999999999876e-01 1.568258182688244129e-01
-7.983999999999999986e-01 1.567319151701542512e-01
-7.983000000000000096e-01 1.564606032572266048e-01
-7.982000000000000206e-01 1.561663156623717408e-01
-7.981000000000000316e-01 1.557375091902989395e-01
-7.980000000000000426e-01 1.554048595704772551e-01
-7.979000000000000536e-01 1.552573121947219414e-01
-7.978000000000000647e-01 1.548859161281193608e-01
-7.977000000000000757e-01 1.547363021730342736e-01
-7.976000000000000867e-01 1.544064137607980558e-01
-7.975000000000000977e-01 1.539963167925800236e-01
-7.973999999999999977e-01 1.537883753298714684e-01
-7.973000000000000087e-01 1.535167794699938693e-01
-7.972000000000000197e-01 1.533998512985834395e-01
-7.971000000000000307e-01 1.531683747836202480e-01
-7.970000000000000417e-01 1.530039599431227137e-01
-7.969000000000000528e-01 1.527878216000913558e-01
-7.968000000000000638e-01 1.525215042864544179e-01
-7.967000000000000748e-01 1.520677445484261980e-01
-7.966000000000000858e-01 1.517985636582162845e-01
-7.964999999999999858e-01 1.515046079661793166e-01
-7.963999999999999968e-01 1.513332300542632458e-01
-7.963000000000000078e-01 1.510801076928069420e-01
-7.962000000000000188e-01 1.509631080037295292e-01
-7.961000000000000298e-01 1.506357485532026641e-01
-7.960000000000000409e-01 1.504555744417660490e-01
-7.959000000000000519e-01 1.501492426777080724e-01
-7.958000000000000629e-01 1.499519516363129468e-01
-7.957000000000000739e-01 1.497486167493705111e-01
-7.956000000000000849e-01 1.494400572185903275e-01
-7.955000000000000959e-01 1.491581589833482491e-01
-7.953999999999999959e-01 1.488952269493005465e-01
-7.953000000000000069e-01 1.486161184053058915e-01
-7.952000000000000179e-01 1.482984236509470310e-01
-7.951000000000000290e-01 1.479258347287802366e-01
-7.950000000000000400e-01 1.476156044091605501e-01
-7.949000000000000510e-01 1.474423280360911415e-01
-7.948000000000000620e-01 1.473607884680223912e-01
-7.947000000000000730e-01 1.470959958436313109e-01
-7.946000000000000840e-01 1.469560317278133521e-01
-7.944999999999999840e-01 1.467460880313257443e-01
-7.943999999999999950e-01 1.464721901763194056e-01
-7.943000000000000060e-01 1.462189109323089320e-01
-7.942000000000000171e-01 1.459780806359659289e-01
-7.941000000000000281e-01 1.457421540638356161e-01
-7.940000000000000391e-01 1.455660332994081207e-01
-7.939000000000000501e-01 1.452984966737288774e-01
-7.938000000000000611e-01 1.449022778110033993e-01
-7.937000000000000721e-01 1.444935595276674034e-01
-7.936000000000000831e-01 1.442984847642992396e-01
-7.935000000000000941e-01 1.440150891768220698e-01
-7.933999999999999941e-01 1.439134542205099121e-01
-7.933000000000000052e-01 1.436622582455442942e-01
-7.932000000000000162e-01 1.433753160336453669e-01
-7.931000000000000272e-01 1.432054868463059905e-01
-7.930000000000000382e-01 1.429221814933994972e-01
-7.929000000000000492e-01 1.426014085090216710e-01
-7.928000000000000602e-01 1.423904916424552358e-01
-7.927000000000000712e-01 1.421263456004430714e-01
-7.926000000000000822e-01 1.419523850525418740e-01
-7.924999999999999822e-01 1.418087773545635977e-01
-7.923999999999999932e-01 1.414724409537604921e-01
-7.923000000000000043e-01 1.412189671515537426e-01
-7.922000000000000153e-01 1.409224002115274377e-01
-7.921000000000000263e-01 1.408093929344622353e-01
-7.920000000000000373e-01 1.405965571568660588e-01
-7.919000000000000483e-01 1.402609740836581187e-01
-7.918000000000000593e-01 1.399714748616879278e-01
-7.917000000000000703e-01 1.398070270099265322e-01
-7.916000000000000814e-01 1.395753627076039005e-01
-7.915000000000000924e-01 1.393868651357209609e-01
-7.913999999999999924e-01 1.390583513069293120e-01
-7.913000000000000034e-01 1.388522625909313912e-01
-7.912000000000000144e-01 1.386380452902738480e-01
-7.911000000000000254e-01 1.383646595210396846e-01
-7.910000000000000364e-01 1.381010784039893302e-01
-7.909000000000000474e-01 1.379226241617370896e-01
-7.908000000000000584e-01 1.376428825099014208e-01
-7.907000000000000695e-01 1.373629515404317103e-01
-7.906000000000000805e-01 1.370748815052838798e-01
-7.904999999999999805e-01 1.367349826408192082e-01
-7.903999999999999915e-01 1.365152499992713930e-01
-7.903000000000000025e-01 1.363582509265943155e-01
-7.902000000000000135e-01 1.360802565489862836e-01
-7.901000000000000245e-01 1.358868304943655070e-01
-7.900000000000000355e-01 1.355826439505511127e-01
-7.899000000000000465e-01 1.353182426696237228e-01
-7.898000000000000576e-01 1.351616813727273547e-01
-7.897000000000000686e-01 1.349519721348390877e-01
-7.896000000000000796e-01 1.347080399971050113e-01
-7.895000000000000906e-01 1.343724023504064280e-01
-7.893999999999999906e-01 1.340205120108355630e-01
-7.893000000000000016e-01 1.337418021819103409e-01
-7.892000000000000126e-01 1.335517289198958624e-01
-7.891000000000000236e-01 1.333287798649123446e-01
-7.890000000000000346e-01 1.331839839003826353e-01
-7.889000000000000457e-01 1.329301164684339176e-01
-7.888000000000000567e-01 1.326925285798090381e-01
-7.887000000000000677e-01 1.324993932468842284e-01
-7.886000000000000787e-01 1.323012326482694845e-01
-7.884999999999999787e-01 1.319721773558822087e-01
-7.883999999999999897e-01 1.317498933069118361e-01
-7.883000000000000007e-01 1.315624736689478824e-01
-7.882000000000000117e-01 1.312770925154749246e-01
-7.881000000000000227e-01 1.310439860861352945e-01
-7.880000000000000338e-01 1.308155818069369480e-01
-7.879000000000000448e-01 1.306388434396016929e-01
-7.878000000000000558e-01 1.304639377408820522e-01
-7.877000000000000668e-01 1.300850847032370416e-01
-7.876000000000000778e-01 1.299454934648447413e-01
-7.875000000000000888e-01 1.297673772539292003e-01
-7.873999999999999888e-01 1.295729660068480615e-01
-7.872999999999999998e-01 1.294069384276654577e-01
-7.872000000000000108e-01 1.291587057774061797e-01
-7.871000000000000218e-01 1.288859399910819437e-01
-7.870000000000000329e-01 1.286452631076843711e-01
-7.869000000000000439e-01 1.284482250806381343e-01
-7.868000000000000549e-01 1.282728329078140217e-01
-7.867000000000000659e-01 1.281229363915764863e-01
-7.866000000000000769e-01 1.278644526729252606e-01
-7.864999999999999769e-01 1.275755692701813215e-01
-7.863999999999999879e-01 1.274235535273571251e-01
-7.862999999999999989e-01 1.270685263201859483e-01
-7.862000000000000099e-01 1.268062758901078446e-01
-7.861000000000000210e-01 1.266035102784166810e-01
-7.860000000000000320e-01 1.264140945174262176e-01
-7.859000000000000430e-01 1.262329143974245671e-01
-7.858000000000000540e-01 1.260658916568767607e-01
-7.857000000000000650e-01 1.258221672789380241e-01
-7.856000000000000760e-01 1.254925164182309760e-01
-7.855000000000000870e-01 1.252820347352762154e-01
-7.853999999999999870e-01 1.250778866490532826e-01
-7.852999999999999980e-01 1.249569947786643986e-01
-7.852000000000000091e-01 1.247800881856251654e-01
-7.851000000000000201e-01 1.245554173142063570e-01
-7.850000000000000311e-01 1.244172558092617314e-01
-7.849000000000000421e-01 1.241899254881328879e-01
-7.848000000000000531e-01 1.239026508943544130e-01
-7.847000000000000641e-01 1.237014719545258962e-01
-7.846000000000000751e-01 1.235514376963862265e-01
-7.844999999999999751e-01 1.232662861623962935e-01
-7.843999999999999861e-01 1.230230841773439360e-01
-7.842999999999999972e-01 1.228437533331099563e-01
-7.842000000000000082e-01 1.226144590487333735e-01
-7.841000000000000192e-01 1.224268162616331396e-01
-7.840000000000000302e-01 1.222691101601649233e-01
-7.839000000000000412e-01 1.220421182391801390e-01
-7.838000000000000522e-01 1.218528664513135323e-01
-7.837000000000000632e-01 1.216665953864079774e-01
-7.836000000000000743e-01 1.214653640292684411e-01
-7.835000000000000853e-01 1.212683638350738058e-01
-7.833999999999999853e-01 1.210778157758685830e-01
-7.832999999999999963e-01 1.208246864847658808e-01
-7.832000000000000073e-01 1.206263459480572814e-01
-7.831000000000000183e-01 1.204783305859766507e-01
-7.830000000000000293e-01 1.202276527654963512e-01
-7.829000000000000403e-01 1.200188568657912791e-01
-7.828000000000000513e-01 1.198066149287768806e-01
-7.827000000000000624e-01 1.195591694269631383e-01
-7.826000000000000734e-01 1.193743603928025532e-01
-7.824999999999999734e-01 1.191929938972092207e-01
-7.823999999999999844e-01 1.190031225205150506e-01
-7.822999999999999954e-01 1.188123719081383006e-01
-7.822000000000000064e-01 1.186260878887221010e-01
-7.821000000000000174e-01 1.184033792799241702e-01
-7.820000000000000284e-01 1.181664236780958083e-01
-7.819000000000000394e-01 1.179843687044061507e-01
-7.818000000000000504e-01 1.177416910523714638e-01
-7.817000000000000615e-01 1.175874135474755666e-01
-7.816000000000000725e-01 1.172755940807548303e-01
-7.815000000000000835e-01 1.171646034521160867e-01
-7.813999999999999835e-01 1.169239603672387745e-01
-7.812999999999999945e-01 1.167000095494053619e-01
-7.812000000000000055e-01 1.165406936179376185e-01
-7.811000000000000165e-01 1.163948163909113848e-01
-7.810000000000000275e-01 1.162245542831273487e-01
-7.809000000000000385e-01 1.160739553126488022e-01
-7.808000000000000496e-01 1.159255255503480464e-01
-7.807000000000000606e-01 1.157845122414606215e-01
-7.806000000000000716e-01 1.156081750852630124e-01
-7.804999999999999716e-01 1.153938375217224976e-01
-7.803999999999999826e-01 1.152347094309700282e-01
-7.802999999999999936e-01 1.150025677308537525e-01
-7.802000000000000046e-01 1.148023768572129233e-01
-7.801000000000000156e-01 1.146518621287729300e-01
-7.800000000000000266e-01 1.143651077188314463e-01
-7.799000000000000377e-01 1.142304875411100512e-01
-7.798000000000000487e-01 1.140771138883049651e-01
-7.797000000000000597e-01 1.139005434470607564e-01
-7.796000000000000707e-01 1.137790784895491292e-01
-7.795000000000000817e-01 1.135766661273799744e-01
-7.793999999999999817e-01 1.133725351104205303e-01
-7.792999999999999927e-01 1.132173592079813718e-01
-7.792000000000000037e-01 1.130051711254690949e-01
-7.791000000000000147e-01 1.128050733400174921e-01
-7.790000000000000258e-01 1.126067990400582003e-01
-7.789000000000000368e-01 1.124732758685882406e-01
-7.788000000000000478e-01 1.123498972199687557e-01
-7.787000000000000588e-01 1.121826696279455693e-01
-7.786000000000000698e-01 1.119587946678586021e-01
-7.784999999999999698e-01 1.118231799619304190e-01
-7.783999999999999808e-01 1.116675006410362825e-01
-7.782999999999999918e-01 1.115374098672241437e-01
-7.782000000000000028e-01 1.113737900227153160e-01
-7.781000000000000139e-01 1.112061531673340375e-01
-7.780000000000000249e-01 1.110101138898204470e-01
-7.779000000000000359e-01 1.108047419400860906e-01
-7.778000000000000469e-01 1.106560880960828080e-01
-7.777000000000000579e-01 1.104828186284136649e-01
-7.776000000000000689e-01 1.102552646472301917e-01
-7.775000000000000799e-01 1.100271096993965247e-01
-7.773999999999999799e-01 1.097694612316111595e-01
-7.772999999999999909e-01 1.095074534669836508e-01
-7.772000000000000020e-01 1.092748623414670217e-01
-7.771000000000000130e-01 1.090718994645028805e-01
-7.770000000000000240e-01 1.088551744566906704e-01
-7.769000000000000350e-01 1.086353969355638577e-01
-7.768000000000000460e-01 1.084750053583464213e-01
-7.767000000000000570e-01 1.082474027731994692e-01
-7.766000000000000680e-01 1.080594445591246539e-01
-7.764999999999999680e-01 1.078822195041455323e-01
-7.763999999999999790e-01 1.077181887085270906e-01
-7.762999999999999901e-01 1.074918831788653356e-01
-7.762000000000000011e-01 1.073078194472503188e-01
-7.761000000000000121e-01 1.071673484864157228e-01
-7.760000000000000231e-01 1.068895624581968906e-01
-7.759000000000000341e-01 1.066606133963058645e-01
-7.758000000000000451e-01 1.064773716402892811e-01
-7.757000000000000561e-01 1.062553152623710168e-01
-7.756000000000000671e-01 1.059919813212549106e-01
-7.755000000000000782e-01 1.057332563336077780e-01
-7.753999999999999782e-01 1.055101927493879987e-01
-7.752999999999999892e-01 1.052215085560045810e-01
-7.752000000000000002e-01 1.049945485485002938e-01
-7.751000000000000112e-01 1.047600071556419321e-01
-7.750000000000000222e-01 1.045556417431044854e-01
-7.749000000000000332e-01 1.042987487062285445e-01
-7.748000000000000442e-01 1.041457294931437405e-01
-7.747000000000000552e-01 1.039460409332362834e-01
-7.746000000000000663e-01 1.037391678908463344e-01
-7.744999999999999662e-01 1.035520889286013074e-01
-7.743999999999999773e-01 1.033330190957402334e-01
-7.742999999999999883e-01 1.030853760025200599e-01
-7.741999999999999993e-01 1.028961094030689805e-01
-7.741000000000000103e-01 1.026809687644462399e-01
-7.740000000000000213e-01 1.024160328071536258e-01
-7.739000000000000323e-01 1.023120585383071740e-01
-7.738000000000000433e-01 1.021153183508201057e-01
-7.737000000000000544e-01 1.019257076238863913e-01
-7.736000000000000654e-01 1.017352361432826424e-01
-7.735000000000000764e-01 1.015286711663803826e-01
-7.733999999999999764e-01 1.013651573038883147e-01
-7.732999999999999874e-01 1.012420456247191819e-01
-7.731999999999999984e-01 1.010498498725689864e-01
-7.731000000000000094e-01 1.008686643325130694e-01
-7.730000000000000204e-01 1.007017955854455915e-01
-7.729000000000000314e-01 1.005032064283635507e-01
-7.728000000000000425e-01 1.003315649527094094e-01
-7.727000000000000535e-01 1.001328080477995736e-01
-7.726000000000000645e-01 9.995223097936911660e-02
-7.724999999999999645e-01 9.979158773020933848e-02
-7.723999999999999755e-01 9.957150774264841853e-02
-7.722999999999999865e-01 9.936955737321218063e-02
-7.721999999999999975e-01 9.927632700274077737e-02
-7.721000000000000085e-01 9.911320443254492685e-02
-7.720000000000000195e-01 9.898498634341826308e-02
-7.719000000000000306e-01 9.887074675753780573e-02
-7.718000000000000416e-01 9.858142210678499939e-02
-7.717000000000000526e-01 9.838170602565186884e-02
-7.716000000000000636e-01 9.820030016704582587e-02
-7.715000000000000746e-01 9.807646758946134136e-02
-7.713999999999999746e-01 9.790948905509362643e-02
-7.712999999999999856e-01 9.773014834261684047e-02
-7.711999999999999966e-01 9.756345054270530726e-02
-7.711000000000000076e-01 9.743894913927855783e-02
-7.710000000000000187e-01 9.723829948030646153e-02
-7.709000000000000297e-01 9.696290118945222192e-02
-7.708000000000000407e-01 9.685793348737725683e-02
-7.707000000000000517e-01 9.664734808612863992e-02
-7.706000000000000627e-01 9.643931103076924805e-02
-7.704999999999999627e-01 9.626318909871310614e-02
-7.703999999999999737e-01 9.609888945014863348e-02
-7.702999999999999847e-01 9.592054500034521980e-02
-7.701999999999999957e-01 9.575983595245957103e-02
-7.701000000000000068e-01 9.557536928502631535e-02
-7.700000000000000178e-01 9.543837127665737163e-02
-7.699000000000000288e-01 9.531898277961770027e-02
-7.698000000000000398e-01 9.522933605126197854e-02
-7.697000000000000508e-01 9.506308275005570518e-02
-7.696000000000000618e-01 9.489756353976071257e-02
-7.695000000000000728e-01 9.467925322409434519e-02
-7.693999999999999728e-01 9.455280692127922271e-02
-7.692999999999999838e-01 9.440113813029843426e-02
-7.691999999999999948e-01 9.427908549232093260e-02
-7.691000000000000059e-01 9.413460358485949142e-02
-7.690000000000000169e-01 9.393967937184517780e-02
-7.689000000000000279e-01 9.379375644454836236e-02
-7.688000000000000389e-01 9.367167959082295381e-02
-7.687000000000000499e-01 9.355044906198607679e-02
-7.686000000000000609e-01 9.340245951686727832e-02
-7.684999999999999609e-01 9.323706417951446723e-02
-7.683999999999999719e-01 9.305929601637133453e-02
-7.682999999999999829e-01 9.291141174922573631e-02
-7.681999999999999940e-01 9.279106329444621049e-02
-7.681000000000000050e-01 9.267273743132002639e-02
-7.680000000000000160e-01 9.256700381277578604e-02
-7.679000000000000270e-01 9.237596983974408205e-02
-7.678000000000000380e-01 9.220055515203574859e-02
-7.677000000000000490e-01 9.201945322853313791e-02
-7.676000000000000600e-01 9.183724208513226184e-02
-7.675000000000000711e-01 9.169064991565169243e-02
-7.673999999999999710e-01 9.151391187216767475e-02
-7.672999999999999821e-01 9.135846447684434213e-02
-7.671999999999999931e-01 9.123062522138328245e-02
-7.671000000000000041e-01 9.107294617934347247e-02
-7.670000000000000151e-01 9.093108636188990124e-02
-7.669000000000000261e-01 9.076894033708381160e-02
-7.668000000000000371e-01 9.058709025871622411e-02
-7.667000000000000481e-01 9.044755064184283044e-02
-7.666000000000000592e-01 9.030363394936716248e-02
-7.664999999999999591e-01 9.016903449199729914e-02
-7.663999999999999702e-01 8.992218502800472524e-02
-7.662999999999999812e-01 8.976464542783288425e-02
-7.661999999999999922e-01 8.958120064396903059e-02
-7.661000000000000032e-01 8.940724633354030226e-02
-7.660000000000000142e-01 8.925794925893862364e-02
-7.659000000000000252e-01 8.909467615265821705e-02
-7.658000000000000362e-01 8.888924948924759040e-02
-7.657000000000000473e-01 8.861257381172500669e-02
-7.656000000000000583e-01 8.847421625347269558e-02
-7.655000000000000693e-01 8.825605700927398323e-02
-7.653999999999999693e-01 8.807890901108603177e-02
-7.652999999999999803e-01 8.786636950164454507e-02
-7.651999999999999913e-01 8.775513234018871012e-02
-7.651000000000000023e-01 8.763604737529909205e-02
-7.650000000000000133e-01 8.743975107583229489e-02
-7.649000000000000243e-01 8.730715921779531874e-02
-7.648000000000000353e-01 8.711545078520570307e-02
-7.647000000000000464e-01 8.695245748424400289e-02
-7.646000000000000574e-01 8.682021614915862162e-02
-7.644999999999999574e-01 8.659797560594001409e-02
-7.643999999999999684e-01 8.645519054915760948e-02
-7.642999999999999794e-01 8.631444018641806770e-02
-7.641999999999999904e-01 8.616589913506372822e-02
-7.641000000000000014e-01 8.601174959310653456e-02
-7.640000000000000124e-01 8.587883490285740107e-02
-7.639000000000000234e-01 8.571890329938962327e-02
-7.638000000000000345e-01 8.556591379138282771e-02
-7.637000000000000455e-01 8.531537038030924391e-02
-7.636000000000000565e-01 8.519672077135642674e-02
-7.635000000000000675e-01 8.498187180765380544e-02
-7.633999999999999675e-01 8.481876691814951852e-02
-7.632999999999999785e-01 8.464444207032284506e-02
-7.631999999999999895e-01 8.447370499922121634e-02
-7.631000000000000005e-01 8.429368602278312916e-02
-7.630000000000000115e-01 8.411379709464106291e-02
-7.629000000000000226e-01 8.395964091053328970e-02
-7.628000000000000336e-01 8.383539895689534616e-02
-7.627000000000000446e-01 8.371620992686025498e-02
-7.626000000000000556e-01 8.349950696253552462e-02
-7.624999999999999556e-01 8.342892556505634993e-02
-7.623999999999999666e-01 8.329555608029208524e-02
-7.622999999999999776e-01 8.319340998346709537e-02
-7.621999999999999886e-01 8.307259172157711868e-02
-7.620999999999999996e-01 8.289471238241359619e-02
-7.620000000000000107e-01 8.278118417237871618e-02
-7.619000000000000217e-01 8.263274796670069811e-02
-7.618000000000000327e-01 8.247225772784326503e-02
-7.617000000000000437e-01 8.235439652656727227e-02
-7.616000000000000547e-01 8.216910912724530169e-02
-7.615000000000000657e-01 8.198160091633405200e-02
-7.613999999999999657e-01 8.178298681244139390e-02
-7.612999999999999767e-01 8.168084995520021041e-02
-7.611999999999999877e-01 8.155345199780272836e-02
-7.610999999999999988e-01 8.137896300639289870e-02
-7.610000000000000098e-01 8.127789425934713041e-02
-7.609000000000000208e-01 8.111095487192479525e-02
-7.608000000000000318e-01 8.098566231941900506e-02
-7.607000000000000428e-01 8.087767930508106551e-02
-7.606000000000000538e-01 8.075620864118790432e-02
-7.604999999999999538e-01 8.066908054871441136e-02
-7.603999999999999648e-01 8.049115152519911720e-02
-7.602999999999999758e-01 8.029925303594828701e-02
-7.601999999999999869e-01 8.006792193411541025e-02
-7.600999999999999979e-01 7.993902195908898778e-02
-7.600000000000000089e-01 7.983672711731146232e-02
-7.599000000000000199e-01 7.973496242690832070e-02
-7.598000000000000309e-01 7.952944180894111481e-02
-7.597000000000000419e-01 7.942211114343163125e-02
-7.596000000000000529e-01 7.928839910091033116e-02
-7.595000000000000639e-01 7.911166853803813792e-02
-7.593999999999999639e-01 7.900432099277798770e-02
-7.592999999999999750e-01 7.883935041978218372e-02
-7.591999999999999860e-01 7.877497110514609935e-02
-7.590999999999999970e-01 7.867942115290862959e-02
-7.590000000000000080e-01 7.849466307289278133e-02
-7.589000000000000190e-01 7.836679621450955147e-02
-7.588000000000000300e-01 7.815468273546483102e-02
-7.587000000000000410e-01 7.800960698818090733e-02
-7.586000000000000520e-01 7.782915522231087513e-02
-7.584999999999999520e-01 7.772941476927863746e-02
-7.583999999999999631e-01 7.763093036926620172e-02
-7.582999999999999741e-01 7.744561191113999432e-02
-7.581999999999999851e-01 7.736592565940027255e-02
-7.580999999999999961e-01 7.726746558986655189e-02
-7.580000000000000071e-01 7.705207664557350844e-02
-7.579000000000000181e-01 7.691635359196220822e-02
-7.578000000000000291e-01 7.678732185307061975e-02
-7.577000000000000401e-01 7.669261063126163458e-02
-7.576000000000000512e-01 7.653006408027532292e-02
-7.575000000000000622e-01 7.630463392105256426e-02
-7.573999999999999622e-01 7.622173198598850008e-02
-7.572999999999999732e-01 7.610409451819717674e-02
-7.571999999999999842e-01 7.597102134221270231e-02
-7.570999999999999952e-01 7.588626988444518995e-02
-7.570000000000000062e-01 7.565275839409620062e-02
-7.569000000000000172e-01 7.554818938583811316e-02
-7.568000000000000282e-01 7.544694335494564474e-02
-7.567000000000000393e-01 7.530646990463257806e-02
-7.566000000000000503e-01 7.516010449884137634e-02
-7.564999999999999503e-01 7.500596797153961937e-02
-7.563999999999999613e-01 7.484428275562557409e-02
-7.562999999999999723e-01 7.467483260169363590e-02
-7.561999999999999833e-01 7.453637337371411820e-02
-7.560999999999999943e-01 7.445034568451826262e-02
-7.560000000000000053e-01 7.430990187506297806e-02
-7.559000000000000163e-01 7.410861665889378891e-02
-7.558000000000000274e-01 7.396799951786744987e-02
-7.557000000000000384e-01 7.380349780479612820e-02
-7.556000000000000494e-01 7.363846600921415686e-02
-7.555000000000000604e-01 7.353582982827151782e-02
-7.553999999999999604e-01 7.342847033366647902e-02
-7.552999999999999714e-01 7.331884228159606109e-02
-7.551999999999999824e-01 7.320890824759337945e-02
-7.550999999999999934e-01 7.307932396323342517e-02
-7.550000000000000044e-01 7.297160178233939865e-02
-7.549000000000000155e-01 7.282303530296864447e-02
-7.548000000000000265e-01 7.262837298640345551e-02
-7.547000000000000375e-01 7.246846177211307971e-02
-7.546000000000000485e-01 7.232362672599659814e-02
-7.544999999999999485e-01 7.216431352246513442e-02
-7.543999999999999595e-01 7.202091830134313422e-02
-7.542999999999999705e-01 7.189466137751807095e-02
-7.541999999999999815e-01 7.176537305328391236e-02
-7.540999999999999925e-01 7.162089871201245128e-02
-7.540000000000000036e-01 7.148239351314153445e-02
-7.539000000000000146e-01 7.136154429738707228e-02
-7.538000000000000256e-01 7.128296649679718988e-02
-7.537000000000000366e-01 7.114224374799198169e-02
-7.536000000000000476e-01 7.101233925549160775e-02
-7.535000000000000586e-01 7.087726494542417877e-02
-7.533999999999999586e-01 7.073526427027057584e-02
-7.532999999999999696e-01 7.054250304580095277e-02
-7.531999999999999806e-01 7.041384949915609204e-02
-7.530999999999999917e-01 7.029902755965605765e-02
-7.530000000000000027e-01 7.012553857652792377e-02
-7.529000000000000137e-01 6.997194939761125498e-02
-7.528000000000000247e-01 6.983575698102682805e-02
-7.527000000000000357e-01 6.969461109476678129e-02
-7.526000000000000467e-01 6.954291173388629788e-02
-7.524999999999999467e-01 6.943321540434849171e-02
-7.523999999999999577e-01 6.932687155431091486e-02
-7.522999999999999687e-01 6.922695685527174847e-02
-7.521999999999999797e-01 6.906703565172601922e-02
-7.520999999999999908e-01 6.897407013495253369e-02
-7.520000000000000018e-01 6.885217874826959905e-02
-7.519000000000000128e-01 6.871888484257343555e-02
-7.518000000000000238e-01 6.859938014019660579e-02
-7.517000000000000348e-01 6.842751941900569734e-02
-7.516000000000000458e-01 6.828349717569241750e-02
-7.515000000000000568e-01 6.814343157003004137e-02
-7.513999999999999568e-01 6.799871212903926820e-02
-7.512999999999999678e-01 6.785466190527572605e-02
-7.511999999999999789e-01 6.767003715425579102e-02
-7.510999999999999899e-01 6.751478601285086645e-02
-7.510000000000000009e-01 6.739179405062778461e-02
-7.509000000000000119e-01 6.727144884645147593e-02
-7.508000000000000229e-01 6.708954578350426190e-02
-7.507000000000000339e-01 6.702824025765828642e-02
-7.506000000000000449e-01 6.684711802797387026e-02
-7.504999999999999449e-01 6.676596055617281533e-02
-7.503999999999999559e-01 6.661263716533799562e-02
-7.502999999999999670e-01 6.647190740230227157e-02
-7.501999999999999780e-01 6.632225693405557898e-02
-7.500999999999999890e-01 6.618492044805897312e-02
-7.500000000000000000e-01 6.607169678551653991e-02
-7.499000000000000110e-01 6.586398176772310931e-02
-7.498000000000000220e-01 6.571308773549792981e-02
-7.497000000000000330e-01 6.558926465124668981e-02
-7.496000000000000441e-01 6.541918288120320002e-02
-7.495000000000000551e-01 6.528816741419023184e-02
-7.493999999999999551e-01 6.511906218952791259e-02
-7.492999999999999661e-01 6.496897529948204852e-02
-7.491999999999999771e-01 6.486359100221045226e-02
-7.490999999999999881e-01 6.475532929623485645e-02
-7.489999999999999991e-01 6.461186163771770463e-02
-7.489000000000000101e-01 6.448327527919245350e-02
-7.488000000000000211e-01 6.430731407744101624e-02
-7.487000000000000322e-01 6.418991911014028384e-02
-7.486000000000000432e-01 6.405335354905596079e-02
-7.484999999999999432e-01 6.384604507689323194e-02
-7.483999999999999542e-01 6.372162262341794781e-02
-7.482999999999999652e-01 6.361841378830405958e-02
-7.481999999999999762e-01 6.354222688298365174e-02
-7.480999999999999872e-01 6.340764950763778940e-02
-7.479999999999999982e-01 6.329409051500595185e-02
-7.479000000000000092e-01 6.317510801143522148e-02
-7.478000000000000203e-01 6.304665444885000636e-02
-7.477000000000000313e-01 6.293467108274965194e-02
-7.476000000000000423e-01 6.280405701135710617e-02
-7.475000000000000533e-01 6.268633279301839833e-02
-7.473999999999999533e-01 6.255621423672354242e-02
-7.472999999999999643e-01 6.245542856340365045e-02
-7.471999999999999753e-01 6.235701744721959539e-02
-7.470999999999999863e-01 6.221115577602546326e-02
-7.469999999999999973e-01 6.206946523527463733e-02
-7.469000000000000083e-01 6.192539943832408439e-02
-7.468000000000000194e-01 6.182533488270225419e-02
-7.467000000000000304e-01 6.171271139731703687e-02
-7.466000000000000414e-01 6.166588269534342692e-02
-7.464999999999999414e-01 6.158360391773904513e-02
-7.463999999999999524e-01 6.140891854127006333e-02
-7.462999999999999634e-01 6.128648993041626442e-02
-7.461999999999999744e-01 6.117430090524721142e-02
-7.460999999999999854e-01 6.105248762179567301e-02
-7.459999999999999964e-01 6.094241214344800484e-02
-7.459000000000000075e-01 6.082874247702923370e-02
-7.458000000000000185e-01 6.077778528141859066e-02
-7.457000000000000295e-01 6.063493752108024132e-02
-7.456000000000000405e-01 6.051682814481258027e-02
-7.455000000000000515e-01 6.045340614021976755e-02
-7.453999999999999515e-01 6.027310330372855768e-02
-7.452999999999999625e-01 6.019659873812774342e-02
-7.451999999999999735e-01 6.008479085221971050e-02
-7.450999999999999845e-01 5.992708894017159671e-02
-7.449999999999999956e-01 5.983891421455558857e-02
-7.449000000000000066e-01 5.975785327368847433e-02
-7.448000000000000176e-01 5.959117980898779449e-02
-7.447000000000000286e-01 5.947371795421341201e-02
-7.446000000000000396e-01 5.936067382445155832e-02
-7.444999999999999396e-01 5.930156867156729378e-02
-7.443999999999999506e-01 5.919691414414580272e-02
-7.442999999999999616e-01 5.911505646505248179e-02
-7.441999999999999726e-01 5.898895236237879092e-02
-7.440999999999999837e-01 5.888947636158594484e-02
-7.439999999999999947e-01 5.877541366917621996e-02
-7.439000000000000057e-01 5.863169468580729793e-02
-7.438000000000000167e-01 5.855397837036877690e-02
-7.437000000000000277e-01 5.847998735782768825e-02
-7.436000000000000387e-01 5.836926314143722760e-02
-7.435000000000000497e-01 5.827334324980448094e-02
-7.433999999999999497e-01 5.819231167419022799e-02
-7.432999999999999607e-01 5.813340292322003583e-02
-7.431999999999999718e-01 5.799644992881224093e-02
-7.430999999999999828e-01 5.790736195720919827e-02
-7.429999999999999938e-01 5.779169872970774113e-02
-7.429000000000000048e-01 5.768620531963199183e-02
-7.428000000000000158e-01 5.752691075192757630e-02
-7.427000000000000268e-01 5.739074265887508103e-02
-7.426000000000000378e-01 5.726062436565344804e-02
-7.424999999999999378e-01 5.718602721228498165e-02
-7.423999999999999488e-01 5.708799581752202479e-02
-7.422999999999999599e-01 5.697749036038256970e-02
-7.421999999999999709e-01 5.685551086483202343e-02
-7.420999999999999819e-01 5.671617871984226816e-02
-7.419999999999999929e-01 5.656107419602829367e-02
-7.419000000000000039e-01 5.642760399456154402e-02
-7.418000000000000149e-01 5.629205859002494455e-02
-7.417000000000000259e-01 5.619807274241008649e-02
-7.416000000000000369e-01 5.610421886886075848e-02
-7.415000000000000480e-01 5.595641133140112633e-02
-7.413999999999999480e-01 5.585725966407446841e-02
-7.412999999999999590e-01 5.574162069766231548e-02
-7.411999999999999700e-01 5.567460911378066535e-02
-7.410999999999999810e-01 5.557737803682621242e-02
-7.409999999999999920e-01 5.544971052579740489e-02
-7.409000000000000030e-01 5.532343497090017742e-02
-7.408000000000000140e-01 5.521377669818764572e-02
-7.407000000000000250e-01 5.511172549039748680e-02
-7.406000000000000361e-01 5.499466596330306739e-02
-7.404999999999999361e-01 5.488385426296178010e-02
-7.403999999999999471e-01 5.481630521161414554e-02
-7.402999999999999581e-01 5.470066327517184718e-02
-7.401999999999999691e-01 5.463829665913468026e-02
-7.400999999999999801e-01 5.455965770332522891e-02
-7.399999999999999911e-01 5.442249046731668927e-02
-7.399000000000000021e-01 5.433108569687376127e-02
-7.398000000000000131e-01 5.419185328659891637e-02
-7.397000000000000242e-01 5.407435602382872075e-02
-7.396000000000000352e-01 5.397097548044026138e-02
-7.395000000000000462e-01 5.386512082701690879e-02
-7.393999999999999462e-01 5.377531306119436721e-02
-7.392999999999999572e-01 5.373289350713153500e-02
-7.391999999999999682e-01 5.358168472715013619e-02
-7.390999999999999792e-01 5.347891851649187733e-02
-7.389999999999999902e-01 5.337556220184584005e-02
-7.389000000000000012e-01 5.328893684598484670e-02
-7.388000000000000123e-01 5.320751837119268302e-02
-7.387000000000000233e-01 5.314384864090494764e-02
-7.386000000000000343e-01 5.298181009988955914e-02
-7.384999999999999343e-01 5.285297732586062558e-02
-7.383999999999999453e-01 5.276100158980608773e-02
-7.382999999999999563e-01 5.265513740867526493e-02
-7.381999999999999673e-01 5.259991578231338477e-02
-7.380999999999999783e-01 5.247321137611609537e-02
-7.379999999999999893e-01 5.232867039814703691e-02
-7.379000000000000004e-01 5.220055545513592465e-02
-7.378000000000000114e-01 5.209409322656077118e-02
-7.377000000000000224e-01 5.202346918729502945e-02
-7.376000000000000334e-01 5.192926573944278701e-02
-7.375000000000000444e-01 5.184211419202561927e-02
-7.373999999999999444e-01 5.175312519882997730e-02
-7.372999999999999554e-01 5.168540663571005028e-02
-7.371999999999999664e-01 5.161131759465674429e-02
-7.370999999999999774e-01 5.151672984116749399e-02
-7.369999999999999885e-01 5.138734510778307507e-02
-7.368999999999999995e-01 5.131491634257601131e-02
-7.368000000000000105e-01 5.122369881376435258e-02
-7.367000000000000215e-01 5.113846100032716502e-02
-7.366000000000000325e-01 5.104328478832906302e-02
-7.364999999999999325e-01 5.095356176813124749e-02
-7.363999999999999435e-01 5.078978104179646125e-02
-7.362999999999999545e-01 5.071176478027641238e-02
-7.361999999999999655e-01 5.058166207578178308e-02
-7.360999999999999766e-01 5.049132632297664847e-02
-7.359999999999999876e-01 5.040110083547470060e-02
-7.358999999999999986e-01 5.030232771946643866e-02
-7.358000000000000096e-01 5.016402332048554291e-02
-7.357000000000000206e-01 5.007946832485991873e-02
-7.356000000000000316e-01 5.001392470396363171e-02
-7.355000000000000426e-01 4.992822208371231613e-02
-7.353999999999999426e-01 4.987091017708194379e-02
-7.352999999999999536e-01 4.975888384747768206e-02
-7.351999999999999647e-01 4.964344802479436769e-02
-7.350999999999999757e-01 4.955542350794920475e-02
-7.349999999999999867e-01 4.946004224038277886e-02
-7.348999999999999977e-01 4.932608986898488063e-02
-7.348000000000000087e-01 4.921403640100001364e-02
-7.347000000000000197e-01 4.909414455377121567e-02
-7.346000000000000307e-01 4.897115357300440425e-02
-7.344999999999999307e-01 4.890037529047042142e-02
-7.343999999999999417e-01 4.885411138454690688e-02
-7.342999999999999527e-01 4.878191543760973525e-02
-7.341999999999999638e-01 4.869217623743071766e-02
-7.340999999999999748e-01 4.861784840415350056e-02
-7.339999999999999858e-01 4.851874922426836767e-02
-7.338999999999999968e-01 4.845709218085320069e-02
-7.338000000000000078e-01 4.838177901849625984e-02
-7.337000000000000188e-01 4.830467903262675167e-02
-7.336000000000000298e-01 4.814873252156002398e-02
-7.335000000000000409e-01 4.803238960884591985e-02
-7.333999999999999408e-01 4.791358195941502335e-02
-7.332999999999999519e-01 4.783231144226622600e-02
-7.331999999999999629e-01 4.771283262295951400e-02
-7.330999999999999739e-01 4.763185465168374988e-02
-7.329999999999999849e-01 4.752418418988173937e-02
-7.328999999999999959e-01 4.743574008769055328e-02
-7.328000000000000069e-01 4.728002900133103370e-02
-7.327000000000000179e-01 4.716594086897447913e-02
-7.326000000000000290e-01 4.707953050967059183e-02
-7.324999999999999289e-01 4.698407283089399422e-02
-7.323999999999999400e-01 4.681319222884892245e-02
-7.322999999999999510e-01 4.671932070908302315e-02
-7.321999999999999620e-01 4.663430521410280583e-02
-7.320999999999999730e-01 4.654244478987953904e-02
-7.319999999999999840e-01 4.646525997977100919e-02
-7.318999999999999950e-01 4.639071310585778096e-02
-7.318000000000000060e-01 4.631434215399567872e-02
-7.317000000000000171e-01 4.626101883937067116e-02
-7.316000000000000281e-01 4.617039579345036393e-02
-7.315000000000000391e-01 4.609388086867777234e-02
-7.313999999999999391e-01 4.601645699166113240e-02
-7.312999999999999501e-01 4.591259373965914103e-02
-7.311999999999999611e-01 4.585355666814183717e-02
-7.310999999999999721e-01 4.580655854090931456e-02
-7.309999999999999831e-01 4.569632004548405263e-02
-7.308999999999999941e-01 4.556953048023010266e-02
-7.308000000000000052e-01 4.546868202625189287e-02
-7.307000000000000162e-01 4.540597260157815812e-02
-7.306000000000000272e-01 4.532064941479097692e-02
-7.304999999999999272e-01 4.522327332849564174e-02
-7.303999999999999382e-01 4.513922225812076749e-02
-7.302999999999999492e-01 4.505820400438916018e-02
-7.301999999999999602e-01 4.500050197681383646e-02
-7.300999999999999712e-01 4.492637942840674997e-02
-7.299999999999999822e-01 4.484356942884343972e-02
-7.298999999999999932e-01 4.474363837492283807e-02
-7.298000000000000043e-01 4.464194537081508235e-02
-7.297000000000000153e-01 4.456342208398077209e-02
-7.296000000000000263e-01 4.446400526574263018e-02
-7.295000000000000373e-01 4.439745386052216386e-02
-7.293999999999999373e-01 4.430317389474681955e-02
-7.292999999999999483e-01 4.421095530984831684e-02
-7.291999999999999593e-01 4.411043784662829065e-02
-7.290999999999999703e-01 4.400612195942180116e-02
-7.289999999999999813e-01 4.390302502285388375e-02
-7.288999999999999924e-01 4.382758685402578236e-02
-7.288000000000000034e-01 4.375363163288133878e-02
-7.287000000000000144e-01 4.371506398467949611e-02
-7.286000000000000254e-01 4.363542385323245648e-02
-7.284999999999999254e-01 4.356201013767625058e-02
-7.283999999999999364e-01 4.347351623923993713e-02
-7.282999999999999474e-01 4.336983989559430042e-02
-7.281999999999999584e-01 4.326363755666556843e-02
-7.280999999999999694e-01 4.313325310972233179e-02
-7.279999999999999805e-01 4.304305627306071608e-02
-7.278999999999999915e-01 4.287457034746867263e-02
-7.278000000000000025e-01 4.282776222696794283e-02
-7.277000000000000135e-01 4.276675480117970995e-02
-7.276000000000000245e-01 4.270510328382121773e-02
-7.275000000000000355e-01 4.260156556000981726e-02
-7.273999999999999355e-01 4.252541471231895132e-02
-7.272999999999999465e-01 4.245504534562272864e-02
-7.271999999999999575e-01 4.237959493759593105e-02
-7.270999999999999686e-01 4.230581836459888084e-02
-7.269999999999999796e-01 4.222480322668830527e-02
-7.268999999999999906e-01 4.213356929461025552e-02
-7.268000000000000016e-01 4.203248531568015700e-02
-7.267000000000000126e-01 4.195613927336300231e-02
-7.266000000000000236e-01 4.187346885228555166e-02
-7.264999999999999236e-01 4.177838679680558054e-02
-7.263999999999999346e-01 4.169182631089623364e-02
-7.262999999999999456e-01 4.162790530155176250e-02
-7.261999999999999567e-01 4.153365650917823643e-02
-7.260999999999999677e-01 4.147445187310723480e-02
-7.259999999999999787e-01 4.140012114589473186e-02
-7.258999999999999897e-01 4.132391802295994065e-02
-7.258000000000000007e-01 4.125708444328576863e-02
-7.257000000000000117e-01 4.114266886240354471e-02
-7.256000000000000227e-01 4.103065572067923772e-02
-7.255000000000000338e-01 4.092219323544991905e-02
-7.253999999999999337e-01 4.085183935731787758e-02
-7.252999999999999448e-01 4.079158903580732548e-02
-7.251999999999999558e-01 4.074494680337224090e-02
-7.250999999999999668e-01 4.064531606209151327e-02
-7.249999999999999778e-01 4.055760389121500914e-02
-7.248999999999999888e-01 4.048819389509942385e-02
-7.247999999999999998e-01 4.045182926880917101e-02
-7.247000000000000108e-01 4.033148672717412619e-02
-7.246000000000000218e-01 4.024623446277378336e-02
-7.244999999999999218e-01 4.016655338153097415e-02
-7.243999999999999329e-01 4.008330216581076216e-02
-7.242999999999999439e-01 3.996637050648985806e-02
-7.241999999999999549e-01 3.988233949672657236e-02
-7.240999999999999659e-01 3.981696625530741634e-02
-7.239999999999999769e-01 3.974693277451747664e-02
-7.238999999999999879e-01 3.968113475051775890e-02
-7.237999999999999989e-01 3.961049044860404794e-02
-7.237000000000000099e-01 3.957029021829264887e-02
-7.236000000000000210e-01 3.954019543431423062e-02
-7.235000000000000320e-01 3.942891591815463753e-02
-7.233999999999999320e-01 3.934821601536639402e-02
-7.232999999999999430e-01 3.927120153142903830e-02
-7.231999999999999540e-01 3.919300625171514424e-02
-7.230999999999999650e-01 3.913603142939543061e-02
-7.229999999999999760e-01 3.903892786301546569e-02
-7.228999999999999870e-01 3.898609051425269700e-02
-7.227999999999999980e-01 3.888848895270801548e-02
-7.227000000000000091e-01 3.880459910638983656e-02
-7.226000000000000201e-01 3.876130037919770649e-02
-7.224999999999999201e-01 3.868336440421093342e-02
-7.223999999999999311e-01 3.861201360660462822e-02
-7.222999999999999421e-01 3.854992524435136431e-02
-7.221999999999999531e-01 3.850105140462245501e-02
-7.220999999999999641e-01 3.845808374189120526e-02
-7.219999999999999751e-01 3.839617505285039534e-02
-7.218999999999999861e-01 3.832212987567761714e-02
-7.217999999999999972e-01 3.824118014440917174e-02
-7.217000000000000082e-01 3.814172282821302190e-02
-7.216000000000000192e-01 3.806881919320091040e-02
-7.215000000000000302e-01 3.800160765554945475e-02
-7.213999999999999302e-01 3.794465989463882000e-02
-7.212999999999999412e-01 3.786795616191106217e-02
-7.211999999999999522e-01 3.776644527573531918e-02
-7.210999999999999632e-01 3.768642503879756495e-02
-7.209999999999999742e-01 3.759807339192575842e-02
-7.208999999999999853e-01 3.752182016535738490e-02
-7.207999999999999963e-01 3.747004372374686948e-02
-7.207000000000000073e-01 3.741140833214975231e-02
-7.206000000000000183e-01 3.731894561400151550e-02
-7.204999999999999183e-01 3.727619726371352721e-02
-7.203999999999999293e-01 3.719373451646255935e-02
-7.202999999999999403e-01 3.711590737123858508e-02
-7.201999999999999513e-01 3.708202228547944485e-02
-7.200999999999999623e-01 3.696486109362449174e-02
-7.199999999999999734e-01 3.691494156993440495e-02
-7.198999999999999844e-01 3.687776863377344172e-02
-7.197999999999999954e-01 3.680344696510687297e-02
-7.197000000000000064e-01 3.674817254093698526e-02
-7.196000000000000174e-01 3.667652833002070512e-02
-7.195000000000000284e-01 3.659979594123910496e-02
-7.193999999999999284e-01 3.650643399269926093e-02
-7.192999999999999394e-01 3.640992419163577298e-02
-7.191999999999999504e-01 3.633527228304955781e-02
-7.190999999999999615e-01 3.628076322904998097e-02
-7.189999999999999725e-01 3.619299157846876669e-02
-7.188999999999999835e-01 3.616881049824471894e-02
-7.187999999999999945e-01 3.610822831490378276e-02
-7.187000000000000055e-01 3.605824235493135244e-02
-7.186000000000000165e-01 3.599942480364408393e-02
-7.184999999999999165e-01 3.589361963226944674e-02
-7.183999999999999275e-01 3.583033425431483843e-02
-7.182999999999999385e-01 3.576585517106974088e-02
-7.181999999999999496e-01 3.571248879484746619e-02
-7.180999999999999606e-01 3.562452674374363970e-02
-7.179999999999999716e-01 3.557115681182321243e-02
-7.178999999999999826e-01 3.548120808863757664e-02
-7.177999999999999936e-01 3.542102827539421461e-02
-7.177000000000000046e-01 3.537075036648650722e-02
-7.176000000000000156e-01 3.528040543197544926e-02
-7.175000000000000266e-01 3.517403144938977683e-02
-7.173999999999999266e-01 3.508926705999816653e-02
-7.172999999999999376e-01 3.500718767062892950e-02
-7.171999999999999487e-01 3.495822104340051695e-02
-7.170999999999999597e-01 3.485815481391601328e-02
-7.169999999999999707e-01 3.480931790174588564e-02
-7.168999999999999817e-01 3.473203420604964453e-02
-7.167999999999999927e-01 3.463195939033635734e-02
-7.167000000000000037e-01 3.449842295655599494e-02
-7.166000000000000147e-01 3.443447219347278709e-02
-7.164999999999999147e-01 3.437799511756806092e-02
-7.163999999999999257e-01 3.431928140443495090e-02
-7.162999999999999368e-01 3.421681592377732312e-02
-7.161999999999999478e-01 3.416271168806093994e-02
-7.160999999999999588e-01 3.408450011276983188e-02
-7.159999999999999698e-01 3.403003260070931041e-02
-7.158999999999999808e-01 3.396093462287075315e-02
-7.157999999999999918e-01 3.388812229956480321e-02
-7.157000000000000028e-01 3.378437486892472280e-02
-7.156000000000000139e-01 3.372184401327749104e-02
-7.155000000000000249e-01 3.363551678184650839e-02
-7.153999999999999249e-01 3.356566299626966010e-02
-7.152999999999999359e-01 3.344456166255339175e-02
-7.151999999999999469e-01 3.340498403801651223e-02
-7.150999999999999579e-01 3.333624788530249738e-02
-7.149999999999999689e-01 3.323335015624896693e-02
-7.148999999999999799e-01 3.317551647090437317e-02
-7.147999999999999909e-01 3.310253448159797274e-02
-7.147000000000000020e-01 3.303170090281903892e-02
-7.146000000000000130e-01 3.297695484628060392e-02
-7.144999999999999130e-01 3.294530399222517225e-02
-7.143999999999999240e-01 3.285834266910560297e-02
-7.142999999999999350e-01 3.280154789937011345e-02
-7.141999999999999460e-01 3.272290319744258075e-02
-7.140999999999999570e-01 3.265612901702080739e-02
-7.139999999999999680e-01 3.260634225833979050e-02
-7.138999999999999790e-01 3.253489415491293141e-02
-7.137999999999999901e-01 3.246630582533056864e-02
-7.137000000000000011e-01 3.240296974993192580e-02
-7.136000000000000121e-01 3.229785222725120586e-02
-7.135000000000000231e-01 3.221874065281643551e-02
-7.133999999999999231e-01 3.218243249885425344e-02
-7.132999999999999341e-01 3.211656168399310701e-02
-7.131999999999999451e-01 3.208481951080016659e-02
-7.130999999999999561e-01 3.201694390954076125e-02
-7.129999999999999671e-01 3.196745677414209591e-02
-7.128999999999999782e-01 3.192020580341708991e-02
-7.127999999999999892e-01 3.187253156262860598e-02
-7.127000000000000002e-01 3.177996943643804362e-02
-7.126000000000000112e-01 3.172499042377678602e-02
-7.124999999999999112e-01 3.167773436808792031e-02
-7.123999999999999222e-01 3.161812492790139900e-02
-7.122999999999999332e-01 3.156222689128192205e-02
-7.121999999999999442e-01 3.150907018345817240e-02
-7.120999999999999552e-01 3.144368001688525177e-02
-7.119999999999999662e-01 3.139569581086070621e-02
-7.118999999999999773e-01 3.137714943482124152e-02
-7.117999999999999883e-01 3.130956797441061812e-02
-7.116999999999999993e-01 3.126820627133446162e-02
-7.116000000000000103e-01 3.122789007896419403e-02
-7.115000000000000213e-01 3.115906376903844130e-02
-7.113999999999999213e-01 3.109468512309260246e-02
-7.112999999999999323e-01 3.099355076410751503e-02
-7.111999999999999433e-01 3.093291478815697257e-02
-7.110999999999999543e-01 3.084173409855161738e-02
-7.109999999999999654e-01 3.074765734848598081e-02
-7.108999999999999764e-01 3.066227708928858861e-02
-7.107999999999999874e-01 3.063115356346892207e-02
-7.106999999999999984e-01 3.059149790985155395e-02
-7.106000000000000094e-01 3.052071177736388752e-02
-7.104999999999999094e-01 3.047936291616520910e-02
-7.103999999999999204e-01 3.043173499623027384e-02
-7.102999999999999314e-01 3.036374804654596790e-02
-7.101999999999999424e-01 3.028384511936679790e-02
-7.100999999999999535e-01 3.022968542159625016e-02
-7.099999999999999645e-01 3.016527786262881983e-02
-7.098999999999999755e-01 3.009561897157529697e-02
-7.097999999999999865e-01 3.004807392079232933e-02
-7.096999999999999975e-01 2.998989932891135690e-02
-7.096000000000000085e-01 2.992154710656752536e-02
-7.095000000000000195e-01 2.988592589628203192e-02
-7.093999999999999195e-01 2.980260515156047188e-02
-7.092999999999999305e-01 2.974816204002291020e-02
-7.091999999999999416e-01 2.970060641526504550e-02
-7.090999999999999526e-01 2.965563610568736769e-02
-7.089999999999999636e-01 2.959203297795838516e-02
-7.088999999999999746e-01 2.948304637481440407e-02
-7.087999999999999856e-01 2.944556177917889359e-02
-7.086999999999999966e-01 2.937346371009768448e-02
-7.086000000000000076e-01 2.929668697486832729e-02
-7.084999999999999076e-01 2.925708151462943704e-02
-7.083999999999999186e-01 2.918650905460557984e-02
-7.082999999999999297e-01 2.912652281847998015e-02
-7.081999999999999407e-01 2.908465168530285916e-02
-7.080999999999999517e-01 2.903633279595250680e-02
-7.079999999999999627e-01 2.898017041273257682e-02
-7.078999999999999737e-01 2.892579861512354841e-02
-7.077999999999999847e-01 2.886808654823111095e-02
-7.076999999999999957e-01 2.879481939910496363e-02
-7.076000000000000068e-01 2.875418348867290336e-02
-7.075000000000000178e-01 2.868519468758933683e-02
-7.073999999999999178e-01 2.860561549185504371e-02
-7.072999999999999288e-01 2.853902255630990856e-02
-7.071999999999999398e-01 2.847893748247599249e-02
-7.070999999999999508e-01 2.842270420315178708e-02
-7.069999999999999618e-01 2.837000359804949315e-02
-7.068999999999999728e-01 2.829814717219910139e-02
-7.067999999999999838e-01 2.822245521092818163e-02
-7.066999999999999948e-01 2.814834573846059299e-02
-7.066000000000000059e-01 2.808895183360872461e-02
-7.064999999999999059e-01 2.801504369250192028e-02
-7.063999999999999169e-01 2.798305488709486311e-02
-7.062999999999999279e-01 2.792983879565309052e-02
-7.061999999999999389e-01 2.787465449946855203e-02
-7.060999999999999499e-01 2.783534092694475368e-02
-7.059999999999999609e-01 2.777840801943230048e-02
-7.058999999999999719e-01 2.771949391840961702e-02
-7.057999999999999829e-01 2.764110038452537166e-02
-7.056999999999999940e-01 2.757452899726596171e-02
-7.056000000000000050e-01 2.754420970991495327e-02
-7.055000000000000160e-01 2.752609660104023484e-02
-7.053999999999999160e-01 2.748484937902030342e-02
-7.052999999999999270e-01 2.743889802520038321e-02
-7.051999999999999380e-01 2.739217563682688067e-02
-7.050999999999999490e-01 2.736760119115130840e-02
-7.049999999999999600e-01 2.732981616650936862e-02
-7.048999999999999710e-01 2.727097587643628751e-02
-7.047999999999999821e-01 2.721158956589371167e-02
-7.046999999999999931e-01 2.715400167257415662e-02
-7.046000000000000041e-01 2.706935043022299162e-02
-7.044999999999999041e-01 2.703022673889182714e-02
-7.043999999999999151e-01 2.699017076064857967e-02
-7.042999999999999261e-01 2.695323780098603239e-02
-7.041999999999999371e-01 2.689335286335269720e-02
-7.040999999999999481e-01 2.682955694851280048e-02
-7.039999999999999591e-01 2.677773344930891794e-02
-7.038999999999999702e-01 2.670464506563371282e-02
-7.037999999999999812e-01 2.665959836336918853e-02
-7.036999999999999922e-01 2.662869620864172573e-02
-7.036000000000000032e-01 2.656689613315417822e-02
-7.035000000000000142e-01 2.653292298073933048e-02
-7.033999999999999142e-01 2.649636589012794793e-02
-7.032999999999999252e-01 2.647716951306695529e-02
-7.031999999999999362e-01 2.643305937163573788e-02
-7.030999999999999472e-01 2.637349738077248915e-02
-7.029999999999999583e-01 2.633619405642310257e-02
-7.028999999999999693e-01 2.629178740174514459e-02
-7.027999999999999803e-01 2.625460683151355223e-02
-7.026999999999999913e-01 2.617367901742535113e-02
-7.026000000000000023e-01 2.613870887013118594e-02
-7.024999999999999023e-01 2.610083612590205146e-02
-7.023999999999999133e-01 2.606946412532134064e-02
-7.022999999999999243e-01 2.603706843783120187e-02
-7.021999999999999353e-01 2.595294084328507445e-02
-7.020999999999999464e-01 2.589498382021829248e-02
-7.019999999999999574e-01 2.585689458843891050e-02
-7.018999999999999684e-01 2.582444447776670315e-02
-7.017999999999999794e-01 2.580394719386486929e-02
-7.016999999999999904e-01 2.573768894631388304e-02
-7.016000000000000014e-01 2.569646952531169301e-02
-7.015000000000000124e-01 2.563810039659277298e-02
-7.013999999999999124e-01 2.559480806246374959e-02
-7.012999999999999234e-01 2.552225962168961845e-02
-7.011999999999999345e-01 2.547336609667276083e-02
-7.010999999999999455e-01 2.542820486632338395e-02
-7.009999999999999565e-01 2.539851081193948007e-02
-7.008999999999999675e-01 2.534799556090711059e-02
-7.007999999999999785e-01 2.530416844277015229e-02
-7.006999999999999895e-01 2.523647620419965099e-02
-7.006000000000000005e-01 2.515944624991283199e-02
-7.004999999999999005e-01 2.512806158822696728e-02
-7.003999999999999115e-01 2.506911704520083106e-02
-7.002999999999999226e-01 2.501527946621959556e-02
-7.001999999999999336e-01 2.494038049169631024e-02
-7.000999999999999446e-01 2.488348708781756846e-02
-6.999999999999999556e-01 2.483222318137137674e-02
