# Total matched probability. Interfaces: -0.8 , -0.7
-9.899999999999999911e-01 1.000000000000000000e+00
-9.897099999999999786e-01 1.000000000000000000e+00
-9.894199999999999662e-01 9.982600000000000362e-01
-9.891299999999999537e-01 9.970649999999999791e-01
-9.888399999999999412e-01 9.958099999999999730e-01
-9.885500000000000398e-01 9.947500000000000231e-01
-9.882600000000000273e-01 9.938399999999999457e-01
-9.879700000000000149e-01 9.928500000000000103e-01
-9.876800000000000024e-01 9.919599999999999529e-01
-9.873899999999999899e-01 9.913600000000000190e-01
-9.870999999999999774e-01 9.907049999999999468e-01
-9.868099999999999650e-01 9.897799999999999931e-01
-9.865199999999999525e-01 9.888599999999999612e-01
-9.862299999999999400e-01 9.879550000000000276e-01
-9.859400000000000386e-01 9.870799999999999574e-01
-9.856500000000000261e-01 9.863950000000000218e-01
-9.853600000000000136e-01 9.855099999999999971e-01
-9.850700000000000012e-01 9.847200000000000397e-01
-9.847799999999999887e-01 9.840299999999999603e-01
-9.844899999999999762e-01 9.832849999999999646e-01
-9.841999999999999638e-01 9.825500000000000345e-01
-9.839099999999999513e-01 9.819600000000000550e-01
-9.836199999999999388e-01 9.811250000000000249e-01
-9.833300000000000374e-01 9.803899999999999837e-01
-9.830400000000000249e-01 9.796949999999999825e-01
-9.827500000000000124e-01 9.787550000000000416e-01
-9.824600000000000000e-01 9.781349999999999767e-01
-9.821699999999999875e-01 9.772750000000000048e-01
-9.818799999999999750e-01 9.762899999999999912e-01
-9.815899999999999626e-01 9.755700000000000482e-01
-9.812999999999999501e-01 9.747249999999999526e-01
-9.810099999999999376e-01 9.739149999999999752e-01
-9.807200000000000362e-01 9.728799999999999670e-01
-9.804300000000000237e-01 9.721400000000000041e-01
-9.801400000000000112e-01 9.712950000000000195e-01
-9.798499999999999988e-01 9.703500000000000458e-01
-9.795599999999999863e-01 9.695599999999999774e-01
-9.792699999999999738e-01 9.687200000000000255e-01
-9.789799999999999613e-01 9.679250000000000353e-01
-9.786899999999999489e-01 9.672049999999999814e-01
-9.783999999999999364e-01 9.664800000000000058e-01
-9.781100000000000350e-01 9.655000000000000249e-01
-9.778200000000000225e-01 9.648050000000000237e-01
-9.775300000000000100e-01 9.640800000000000480e-01
-9.772399999999999975e-01 9.633549999999999613e-01
-9.769499999999999851e-01 9.626449999999999729e-01
-9.766599999999999726e-01 9.619199999999999973e-01
-9.763699999999999601e-01 9.608100000000000529e-01
-9.760799999999999477e-01 9.601849999999999552e-01
-9.757899999999999352e-01 9.593199999999999505e-01
-9.755000000000000338e-01 9.585249999999999604e-01
-9.752100000000000213e-01 9.577449999999999575e-01
-9.749200000000000088e-01 9.568100000000000493e-01
-9.746299999999999963e-01 9.559999999999999609e-01
-9.743399999999999839e-01 9.553500000000000325e-01
-9.740499999999999714e-01 9.545350000000000223e-01
-9.737599999999999589e-01 9.537449999999999539e-01
-9.734699999999999465e-01 9.526550000000000296e-01
-9.731799999999999340e-01 9.519400000000000084e-01
-9.728900000000000325e-01 9.509950000000000347e-01
-9.726000000000000201e-01 9.502500000000000391e-01
-9.723100000000000076e-01 9.495299999999999851e-01
-9.720199999999999951e-01 9.486999999999999877e-01
-9.717299999999999827e-01 9.477050000000000196e-01
-9.714399999999999702e-01 9.468400000000000150e-01
-9.711499999999999577e-01 9.462049999999999628e-01
-9.708599999999999453e-01 9.455500000000000016e-01
-9.705699999999999328e-01 9.446400000000000352e-01
-9.702800000000000313e-01 9.440699999999999648e-01
-9.699900000000000189e-01 9.432749999999999746e-01
-9.697000000000000064e-01 9.423949999999999827e-01
-9.694099999999999939e-01 9.414949999999999708e-01
-9.691199999999999815e-01 9.406250000000000444e-01
-9.688299999999999690e-01 9.397199999999999998e-01
-9.685399999999999565e-01 9.389100000000000223e-01
-9.682499999999999440e-01 9.380450000000000177e-01
-9.679599999999999316e-01 9.372599999999999820e-01
-9.676700000000000301e-01 9.364149999999999974e-01
-9.673800000000000177e-01 9.355299999999999727e-01
-9.670900000000000052e-01 9.345649999999999791e-01
-9.667999999999999927e-01 9.337550000000000017e-01
-9.665099999999999802e-01 9.328149999999999498e-01
-9.662199999999999678e-01 9.319100000000000161e-01
-9.659299999999999553e-01 9.307649999999999535e-01
-9.656399999999999428e-01 9.298849999999999616e-01
-9.653499999999999304e-01 9.289450000000000207e-01
-9.650600000000000289e-01 9.279800000000000271e-01
-9.647700000000000164e-01 9.270800000000000152e-01
-9.644800000000000040e-01 9.259349999999999525e-01
-9.641899999999999915e-01 9.250049999999999661e-01
-9.638999999999999790e-01 9.240850000000000453e-01
-9.636099999999999666e-01 9.228549999999999809e-01
-9.633199999999999541e-01 9.219749999999999890e-01
-9.630299999999999416e-01 9.209049999999999736e-01
-9.627399999999999292e-01 9.198349999999999582e-01
-9.624500000000000277e-01 9.189800000000000191e-01
-9.621600000000000152e-01 9.179450000000000109e-01
-9.618700000000000028e-01 9.170150000000000245e-01
-9.615799999999999903e-01 9.160300000000000109e-01
-9.612899999999999778e-01 9.150899999999999590e-01
-9.609999999999999654e-01 9.140650000000000164e-01
-9.607099999999999529e-01 9.130549999999999500e-01
-9.604199999999999404e-01 9.121700000000000363e-01
-9.601300000000000390e-01 9.110350000000000392e-01
-9.598400000000000265e-01 9.096999999999999531e-01
-9.595500000000000140e-01 9.086899999999999977e-01
-9.592600000000000016e-01 9.076750000000000096e-01
-9.589699999999999891e-01 9.065450000000000452e-01
-9.586799999999999766e-01 9.054250000000000353e-01
-9.583899999999999642e-01 9.044799999999999507e-01
-9.580999999999999517e-01 9.035499999999999643e-01
-9.578099999999999392e-01 9.021850000000000147e-01
-9.575199999999999267e-01 9.010700000000000376e-01
-9.572300000000000253e-01 9.000449999999999839e-01
-9.569400000000000128e-01 8.988800000000000123e-01
-9.566500000000000004e-01 8.974999999999999645e-01
-9.563599999999999879e-01 8.964499999999999691e-01
-9.560699999999999754e-01 8.953250000000000375e-01
-9.557799999999999629e-01 8.942149999999999821e-01
-9.554899999999999505e-01 8.931499999999999995e-01
-9.551999999999999380e-01 8.921900000000000386e-01
-9.549099999999999255e-01 8.911499999999999977e-01
-9.546200000000000241e-01 8.899599999999999733e-01
-9.543300000000000116e-01 8.886199999999999655e-01
-9.540399999999999991e-01 8.876249999999999973e-01
-9.537499999999999867e-01 8.862999999999999767e-01
-9.534599999999999742e-01 8.851250000000000506e-01
-9.531699999999999617e-01 8.839850000000000207e-01
-9.528799999999999493e-01 8.828350000000000364e-01
-9.525899999999999368e-01 8.816150000000000375e-01
-9.523000000000000353e-01 8.802349999999999897e-01
-9.520100000000000229e-01 8.789550000000000418e-01
-9.517200000000000104e-01 8.775349999999999540e-01
-9.514299999999999979e-01 8.763450000000000406e-01
-9.511399999999999855e-01 8.749799999999999800e-01
-9.508499999999999730e-01 8.737749999999999684e-01
-9.505599999999999605e-01 8.724399999999999933e-01
-9.502699999999999481e-01 8.711999999999999744e-01
-9.499799999999999356e-01 8.699799999999999756e-01
-9.496900000000000341e-01 8.688299999999999912e-01
-9.494000000000000217e-01 8.676500000000000323e-01
-9.491100000000000092e-01 8.664600000000000080e-01
-9.488199999999999967e-01 8.650700000000000056e-01
-9.485299999999999843e-01 8.638200000000000323e-01
-9.482399999999999718e-01 8.626749999999999696e-01
-9.479499999999999593e-01 8.614600000000000035e-01
-9.476599999999999469e-01 8.599949999999999539e-01
-9.473699999999999344e-01 8.586500000000000243e-01
-9.470800000000000329e-01 8.574049999999999727e-01
-9.467900000000000205e-01 8.561299999999999466e-01
-9.465000000000000080e-01 8.546550000000000535e-01
-9.462099999999999955e-01 8.530699999999999950e-01
-9.459199999999999831e-01 8.516749999999999599e-01
-9.456299999999999706e-01 8.504300000000000193e-01
-9.453399999999999581e-01 8.492750000000000021e-01
-9.450499999999999456e-01 8.480250000000000288e-01
-9.447599999999999332e-01 8.466500000000000137e-01
-9.444700000000000317e-01 8.452499999999999458e-01
-9.441800000000000193e-01 8.437799999999999745e-01
-9.438900000000000068e-01 8.423850000000000504e-01
-9.435999999999999943e-01 8.408349999999999991e-01
-9.433099999999999818e-01 8.394350000000000422e-01
-9.430199999999999694e-01 8.381800000000000361e-01
-9.427299999999999569e-01 8.367449999999999610e-01
-9.424399999999999444e-01 8.353300000000000169e-01
-9.421499999999999320e-01 8.338200000000000056e-01
-9.418600000000000305e-01 8.325449999999999795e-01
-9.415700000000000180e-01 8.312349999999999461e-01
-9.412800000000000056e-01 8.301250000000000018e-01
-9.409899999999999931e-01 8.286799999999999722e-01
-9.406999999999999806e-01 8.272950000000000026e-01
-9.404099999999999682e-01 8.257799999999999585e-01
-9.401199999999999557e-01 8.244899999999999451e-01
-9.398299999999999432e-01 8.228550000000000031e-01
-9.395399999999999308e-01 8.214949999999999752e-01
-9.392500000000000293e-01 8.199349999999999694e-01
-9.389600000000000168e-01 8.184649999999999981e-01
-9.386700000000000044e-01 8.170250000000000012e-01
-9.383799999999999919e-01 8.153949999999999809e-01
-9.380899999999999794e-01 8.139650000000000496e-01
-9.377999999999999670e-01 8.125299999999999745e-01
-9.375099999999999545e-01 8.111500000000000377e-01
-9.372199999999999420e-01 8.096900000000000208e-01
-9.369299999999999295e-01 8.082549999999999457e-01
-9.366400000000000281e-01 8.066649999999999654e-01
-9.363500000000000156e-01 8.052049999999999486e-01
-9.360600000000000032e-01 8.037600000000000300e-01
-9.357699999999999907e-01 8.022399999999999531e-01
-9.354799999999999782e-01 8.008800000000000363e-01
-9.351899999999999658e-01 7.993400000000000505e-01
-9.348999999999999533e-01 7.977899999999999991e-01
-9.346099999999999408e-01 7.961150000000000171e-01
-9.343200000000000394e-01 7.947750000000000092e-01
-9.340300000000000269e-01 7.933400000000000452e-01
-9.337400000000000144e-01 7.922150000000000025e-01
-9.334500000000000020e-01 7.907899999999999929e-01
-9.331599999999999895e-01 7.890500000000000291e-01
-9.328699999999999770e-01 7.873949999999999561e-01
-9.325799999999999645e-01 7.859249999999999847e-01
-9.322899999999999521e-01 7.844750000000000334e-01
-9.319999999999999396e-01 7.828500000000000458e-01
-9.317100000000000382e-01 7.814499999999999780e-01
-9.314200000000000257e-01 7.796950000000000269e-01
-9.311300000000000132e-01 7.782550000000000301e-01
-9.308400000000000007e-01 7.764199999999999990e-01
-9.305499999999999883e-01 7.747600000000000042e-01
-9.302599999999999758e-01 7.732299999999999729e-01
-9.299699999999999633e-01 7.716899999999999871e-01
-9.296799999999999509e-01 7.702999999999999847e-01
-9.293899999999999384e-01 7.684299999999999464e-01
-9.291000000000000369e-01 7.667899999999999716e-01
-9.288100000000000245e-01 7.651499999999999968e-01
-9.285200000000000120e-01 7.634600000000000275e-01
-9.282299999999999995e-01 7.618249999999999744e-01
-9.279399999999999871e-01 7.601949999999999541e-01
-9.276499999999999746e-01 7.586600000000000010e-01
-9.273599999999999621e-01 7.571499999999999897e-01
-9.270699999999999497e-01 7.556450000000000111e-01
-9.267799999999999372e-01 7.540799999999999725e-01
-9.264900000000000357e-01 7.520599999999999508e-01
-9.262000000000000233e-01 7.504300000000000415e-01
-9.259100000000000108e-01 7.485950000000000104e-01
-9.256199999999999983e-01 7.466399999999999704e-01
-9.253299999999999859e-01 7.451299999999999590e-01
-9.250399999999999734e-01 7.433849999999999625e-01
-9.247499999999999609e-01 7.415549999999999642e-01
-9.244599999999999485e-01 7.399050000000000349e-01
-9.241699999999999360e-01 7.382750000000000146e-01
-9.238800000000000345e-01 7.365199999999999525e-01
-9.235900000000000221e-01 7.348850000000000104e-01
-9.233000000000000096e-01 7.330499999999999794e-01
-9.230099999999999971e-01 7.314450000000000118e-01
-9.227199999999999847e-01 7.297850000000000170e-01
-9.224299999999999722e-01 7.280250000000000332e-01
-9.221399999999999597e-01 7.260999999999999677e-01
-9.218499999999999472e-01 7.243800000000000239e-01
-9.215599999999999348e-01 7.228599999999999470e-01
-9.212700000000000333e-01 7.210499999999999687e-01
-9.209800000000000209e-01 7.195449999999999902e-01
-9.206900000000000084e-01 7.180400000000000116e-01
-9.203999999999999959e-01 7.162450000000000205e-01
-9.201099999999999834e-01 7.144899999999999585e-01
-9.198199999999999710e-01 7.127400000000000402e-01
-9.195299999999999585e-01 7.112000000000000544e-01
-9.192399999999999460e-01 7.096050000000000413e-01
-9.189499999999999336e-01 7.080950000000000299e-01
-9.186600000000000321e-01 7.063000000000000389e-01
-9.183700000000000196e-01 7.047550000000000203e-01
-9.180800000000000072e-01 7.029750000000000165e-01
-9.177899999999999947e-01 7.015149999999999997e-01
-9.174999999999999822e-01 6.997149999999999759e-01
-9.172099999999999698e-01 6.980450000000000266e-01
-9.169199999999999573e-01 6.962199999999999500e-01
-9.166299999999999448e-01 6.946299999999999697e-01
-9.163399999999999324e-01 6.930250000000000021e-01
-9.160500000000000309e-01 6.913350000000000328e-01
-9.157600000000000184e-01 6.898199999999999887e-01
-9.154700000000000060e-01 6.883799999999999919e-01
-9.151799999999999935e-01 6.866449999999999498e-01
-9.148899999999999810e-01 6.850399999999999823e-01
-9.145999999999999686e-01 6.832000000000000295e-01
-9.143099999999999561e-01 6.815999999999999837e-01
-9.140199999999999436e-01 6.796499999999999764e-01
-9.137299999999999311e-01 6.779800000000000271e-01
-9.134400000000000297e-01 6.763599999999999612e-01
-9.131500000000000172e-01 6.747100000000000319e-01
-9.128600000000000048e-01 6.730850000000000444e-01
-9.125699999999999923e-01 6.715299999999999603e-01
-9.122799999999999798e-01 6.697450000000000347e-01
-9.119899999999999674e-01 6.680700000000000527e-01
-9.116999999999999549e-01 6.664299999999999669e-01
-9.114099999999999424e-01 6.647199999999999775e-01
-9.111199999999999299e-01 6.630549999999999500e-01
-9.108300000000000285e-01 6.613700000000000134e-01
-9.105400000000000160e-01 6.597899999999999876e-01
-9.102500000000000036e-01 6.579450000000000021e-01
-9.099599999999999911e-01 6.561949999999999728e-01
-9.096699999999999786e-01 6.545600000000000307e-01
-9.093799999999999661e-01 6.527800000000000269e-01
-9.090899999999999537e-01 6.510000000000000231e-01
-9.087999999999999412e-01 6.494799999999999462e-01
-9.085099999999999287e-01 6.481000000000000094e-01
-9.082200000000000273e-01 6.463550000000000129e-01
-9.079300000000000148e-01 6.446749999999999980e-01
-9.076400000000000023e-01 6.429599999999999760e-01
-9.073499999999999899e-01 6.413550000000000084e-01
-9.070599999999999774e-01 6.397399999999999753e-01
-9.067699999999999649e-01 6.382250000000000423e-01
-9.064799999999999525e-01 6.367549999999999599e-01
-9.061899999999999400e-01 6.350599999999999579e-01
-9.058999999999999275e-01 6.333349999999999813e-01
-9.056100000000000261e-01 6.316450000000000120e-01
-9.053200000000000136e-01 6.297199999999999465e-01
-9.050300000000000011e-01 6.276899999999999702e-01
-9.047399999999999887e-01 6.259400000000000519e-01
-9.044499999999999762e-01 6.243999999999999551e-01
-9.041599999999999637e-01 6.228500000000000147e-01
-9.038699999999999513e-01 6.211999999999999744e-01
-9.035799999999999388e-01 6.196500000000000341e-01
-9.032899999999999263e-01 6.177650000000000086e-01
-9.030000000000000249e-01 6.160499999999999865e-01
-9.027100000000000124e-01 6.141849999999999810e-01
-9.024199999999999999e-01 6.125549999999999606e-01
-9.021299999999999875e-01 6.109799999999999676e-01
-9.018399999999999750e-01 6.093549999999999800e-01
-9.015499999999999625e-01 6.076749999999999652e-01
-9.012599999999999500e-01 6.059499999999999886e-01
-9.009699999999999376e-01 6.042549999999999866e-01
-9.006799999999999251e-01 6.026200000000000445e-01
-9.003900000000000237e-01 6.006899999999999462e-01
-9.001000000000000112e-01 5.988550000000000262e-01
-8.998099999999999987e-01 5.972650000000000459e-01
-8.995199999999999863e-01 5.954650000000000221e-01
-8.992299999999999738e-01 5.936449999999999783e-01
-8.989399999999999613e-01 5.919550000000000090e-01
-8.986499999999999488e-01 5.902049999999999796e-01
-8.983599999999999364e-01 5.885150000000000103e-01
-8.980699999999999239e-01 5.868900000000000228e-01
-8.977800000000000225e-01 5.850899999999999990e-01
-8.974900000000000100e-01 5.835799999999999876e-01
-8.971999999999999975e-01 5.818950000000000511e-01
-8.969099999999999850e-01 5.801899999999999835e-01
-8.966199999999999726e-01 5.785949999999999704e-01
-8.963299999999999601e-01 5.769349999999999756e-01
-8.960399999999999476e-01 5.751950000000000118e-01
-8.957499999999999352e-01 5.733700000000000463e-01
-8.954599999999999227e-01 5.715949999999999642e-01
-8.951700000000000212e-01 5.699750000000000094e-01
-8.948800000000000088e-01 5.683449999999999891e-01
-8.945899999999999963e-01 5.664749999999999508e-01
-8.942999999999999838e-01 5.645499999999999963e-01
-8.940099999999999714e-01 5.629699999999999704e-01
-8.937199999999999589e-01 5.613799999999999901e-01
-8.934299999999999464e-01 5.597149999999999626e-01
-8.931399999999999340e-01 5.580249999999999932e-01
-8.928499999999999215e-01 5.563599999999999657e-01
-8.925600000000000200e-01 5.546750000000000291e-01
-8.922700000000000076e-01 5.528300000000000436e-01
-8.919799999999999951e-01 5.512150000000000105e-01
-8.916899999999999826e-01 5.496600000000000374e-01
-8.913999999999999702e-01 5.481749999999999678e-01
-8.911099999999999577e-01 5.464250000000000496e-01
-8.908199999999999452e-01 5.446699999999999875e-01
-8.905299999999999327e-01 5.429950000000000054e-01
-8.902399999999999203e-01 5.413449999999999651e-01
-8.899500000000000188e-01 5.397800000000000376e-01
-8.896600000000000064e-01 5.379950000000000010e-01
-8.893699999999999939e-01 5.362500000000000044e-01
-8.890799999999999814e-01 5.346849999999999659e-01
-8.887899999999999689e-01 5.330949999999999855e-01
-8.884999999999999565e-01 5.313250000000000473e-01
-8.882099999999999440e-01 5.294849999999999834e-01
-8.879199999999999315e-01 5.278950000000000031e-01
-8.876299999999999191e-01 5.263499999999999845e-01
-8.873400000000000176e-01 5.247749999999999915e-01
-8.870500000000000052e-01 5.231649999999999912e-01
-8.867599999999999927e-01 5.214900000000000091e-01
-8.864699999999999802e-01 5.199049999999999505e-01
-8.861799999999999677e-01 5.179650000000000087e-01
-8.858899999999999553e-01 5.161499999999999977e-01
-8.855999999999999428e-01 5.145349999999999646e-01
-8.853099999999999303e-01 5.129150000000000098e-01
-8.850199999999999179e-01 5.110799999999999788e-01
-8.847300000000000164e-01 5.094899999999999984e-01
-8.844400000000000039e-01 5.079900000000000526e-01
-8.841499999999999915e-01 5.063999999999999613e-01
-8.838599999999999790e-01 5.045450000000000212e-01
-8.835699999999999665e-01 5.027650000000000174e-01
-8.832799999999999541e-01 5.012649999999999606e-01
-8.829899999999999416e-01 4.998650000000000038e-01
-8.826999999999999291e-01 4.982500000000000262e-01
-8.824099999999999167e-01 4.966149999999999731e-01
-8.821200000000000152e-01 4.949250000000000038e-01
-8.818300000000000027e-01 4.930499999999999883e-01
-8.815399999999999903e-01 4.915950000000000042e-01
-8.812499999999999778e-01 4.898899999999999921e-01
-8.809599999999999653e-01 4.885450000000000070e-01
-8.806699999999999529e-01 4.868850000000000122e-01
-8.803799999999999404e-01 4.851750000000000229e-01
-8.800899999999999279e-01 4.835550000000000126e-01
-8.797999999999999154e-01 4.818000000000000060e-01
-8.795100000000000140e-01 4.802950000000000275e-01
-8.792200000000000015e-01 4.786650000000000071e-01
-8.789299999999999891e-01 4.771799999999999931e-01
-8.786399999999999766e-01 4.758549999999999724e-01
-8.783499999999999641e-01 4.743850000000000011e-01
-8.780599999999999516e-01 4.728299999999999725e-01
-8.777699999999999392e-01 4.712049999999999850e-01
-8.774799999999999267e-01 4.696400000000000019e-01
-8.771899999999999142e-01 4.679349999999999898e-01
-8.769000000000000128e-01 4.662850000000000050e-01
-8.766100000000000003e-01 4.647350000000000092e-01
-8.763199999999999878e-01 4.632499999999999951e-01
-8.760299999999999754e-01 4.618999999999999773e-01
-8.757399999999999629e-01 4.603999999999999759e-01
-8.754499999999999504e-01 4.587849999999999984e-01
-8.751599999999999380e-01 4.574050000000000060e-01
-8.748699999999999255e-01 4.558400000000000230e-01
-8.745799999999999130e-01 4.542700000000000071e-01
-8.742900000000000116e-01 4.527550000000000185e-01
-8.739999999999999991e-01 4.510199999999999765e-01
-8.737099999999999866e-01 4.491950000000000109e-01
-8.734199999999999742e-01 4.476499999999999924e-01
-8.731299999999999617e-01 4.461800000000000210e-01
-8.728399999999999492e-01 4.446899999999999742e-01
-8.725499999999999368e-01 4.430499999999999994e-01
-8.722599999999999243e-01 4.412400000000000211e-01
-8.719699999999999118e-01 4.396450000000000080e-01
-8.716800000000000104e-01 4.380700000000000149e-01
-8.713899999999999979e-01 4.365950000000000109e-01
-8.710999999999999854e-01 4.352400000000000158e-01
-8.708099999999999730e-01 4.339399999999999924e-01
-8.705199999999999605e-01 4.326200000000000045e-01
-8.702299999999999480e-01 4.312050000000000050e-01
-8.699399999999999356e-01 4.298950000000000271e-01
-8.696499999999999231e-01 4.285849999999999937e-01
-8.693599999999999106e-01 4.271750000000000269e-01
-8.690700000000000092e-01 4.254450000000000176e-01
-8.687799999999999967e-01 4.242349999999999732e-01
-8.684899999999999842e-01 4.225999999999999757e-01
-8.681999999999999718e-01 4.211750000000000216e-01
-8.679099999999999593e-01 4.196799999999999975e-01
-8.676199999999999468e-01 4.181849999999999734e-01
-8.673299999999999343e-01 4.167399999999999993e-01
-8.670399999999999219e-01 4.153299999999999770e-01
-8.667499999999999094e-01 4.139650000000000274e-01
-8.664600000000000080e-01 4.124749999999999805e-01
-8.661699999999999955e-01 4.110550000000000037e-01
-8.658799999999999830e-01 4.096449999999999814e-01
-8.655899999999999705e-01 4.079949999999999966e-01
-8.652999999999999581e-01 4.066699999999999759e-01
-8.650099999999999456e-01 4.052999999999999936e-01
-8.647199999999999331e-01 4.037799999999999723e-01
-8.644300000000000317e-01 4.022800000000000264e-01
-8.641399999999999082e-01 4.009099999999999886e-01
-8.638500000000000068e-01 3.994800000000000018e-01
-8.635599999999999943e-01 3.980500000000000149e-01
-8.632699999999999818e-01 3.966500000000000026e-01
-8.629799999999999693e-01 3.952350000000000030e-01
-8.626899999999999569e-01 3.937649999999999761e-01
-8.623999999999999444e-01 3.924000000000000266e-01
-8.621099999999999319e-01 3.908650000000000180e-01
-8.618200000000000305e-01 3.894949999999999801e-01
-8.615299999999999070e-01 3.880649999999999933e-01
-8.612400000000000055e-01 3.866899999999999782e-01
-8.609499999999999931e-01 3.852200000000000069e-01
-8.606599999999999806e-01 3.838949999999999863e-01
-8.603699999999999681e-01 3.825049999999999839e-01
-8.600799999999999557e-01 3.810000000000000053e-01
-8.597899999999999432e-01 3.794649999999999967e-01
-8.594999999999999307e-01 3.780299999999999772e-01
-8.592100000000000293e-01 3.766749999999999821e-01
-8.589199999999999058e-01 3.751200000000000090e-01
-8.586300000000000043e-01 3.736700000000000021e-01
-8.583399999999999919e-01 3.722900000000000098e-01
-8.580499999999999794e-01 3.710800000000000209e-01
-8.577599999999999669e-01 3.697349999999999803e-01
-8.574699999999999545e-01 3.680450000000000110e-01
-8.571799999999999420e-01 3.665649999999999742e-01
-8.568899999999999295e-01 3.650700000000000056e-01
-8.566000000000000281e-01 3.638250000000000095e-01
-8.563099999999999046e-01 3.625300000000000189e-01
-8.560200000000000031e-01 3.612049999999999983e-01
-8.557299999999999907e-01 3.598850000000000104e-01
-8.554399999999999782e-01 3.585749999999999771e-01
-8.551499999999999657e-01 3.570749999999999758e-01
-8.548599999999999532e-01 3.556650000000000089e-01
-8.545699999999999408e-01 3.542049999999999921e-01
-8.542799999999999283e-01 3.528399999999999870e-01
-8.539900000000000269e-01 3.514200000000000101e-01
-8.536999999999999034e-01 3.500300000000000078e-01
-8.534100000000000019e-01 3.487750000000000017e-01
-8.531199999999999894e-01 3.475249999999999728e-01
-8.528299999999999770e-01 3.461350000000000260e-01
-8.525399999999999645e-01 3.448200000000000154e-01
-8.522499999999999520e-01 3.435400000000000120e-01
-8.519599999999999396e-01 3.421799999999999842e-01
-8.516699999999999271e-01 3.409599999999999853e-01
-8.513800000000000257e-01 3.395900000000000030e-01
-8.510899999999999022e-01 3.383550000000000169e-01
-8.508000000000000007e-01 3.371250000000000080e-01
-8.505099999999999882e-01 3.357749999999999901e-01
-8.502199999999999758e-01 3.345850000000000213e-01
-8.499299999999999633e-01 3.333249999999999824e-01
-8.496399999999999508e-01 3.321399999999999908e-01
-8.493499999999999384e-01 3.307200000000000140e-01
-8.490599999999999259e-01 3.294349999999999778e-01
-8.487700000000000244e-01 3.282149999999999790e-01
-8.484799999999999010e-01 3.268650000000000166e-01
-8.481899999999999995e-01 3.255299999999999860e-01
-8.478999999999999870e-01 3.241800000000000237e-01
-8.476099999999999746e-01 3.226899999999999769e-01
-8.473199999999999621e-01 3.212249999999999828e-01
-8.470299999999999496e-01 3.200250000000000039e-01
-8.467399999999999372e-01 3.187650000000000206e-01
-8.464499999999999247e-01 3.174150000000000027e-01
-8.461600000000000232e-01 3.161499999999999866e-01
-8.458699999999998997e-01 3.147199999999999998e-01
-8.455799999999999983e-01 3.135450000000000181e-01
-8.452899999999999858e-01 3.122150000000000203e-01
-8.449999999999999734e-01 3.108699999999999797e-01
-8.447099999999999609e-01 3.094199999999999728e-01
-8.444199999999999484e-01 3.082050000000000067e-01
-8.441299999999999359e-01 3.068799999999999861e-01
-8.438399999999999235e-01 3.058299999999999907e-01
-8.435500000000000220e-01 3.047349999999999781e-01
-8.432599999999998985e-01 3.033449999999999758e-01
-8.429699999999999971e-01 3.020700000000000052e-01
-8.426799999999999846e-01 3.009950000000000125e-01
-8.423899999999999721e-01 2.996900000000000119e-01
-8.420999999999999597e-01 2.984200000000000186e-01
-8.418099999999999472e-01 2.972949999999999759e-01
-8.415199999999999347e-01 2.959300000000000264e-01
-8.412299999999999223e-01 2.948000000000000065e-01
-8.409400000000000208e-01 2.934849999999999959e-01
-8.406499999999998973e-01 2.923200000000000243e-01
-8.403599999999999959e-01 2.910949999999999926e-01
-8.400699999999999834e-01 2.896500000000000186e-01
-8.397799999999999709e-01 2.884700000000000042e-01
-8.394899999999999585e-01 2.871650000000000036e-01
-8.391999999999999460e-01 2.860050000000000092e-01
-8.389099999999999335e-01 2.846899999999999986e-01
-8.386199999999999211e-01 2.834900000000000198e-01
-8.383300000000000196e-01 2.824150000000000271e-01
-8.380399999999998961e-01 2.812250000000000028e-01
-8.377499999999999947e-01 2.801250000000000129e-01
-8.374599999999999822e-01 2.787250000000000005e-01
-8.371699999999999697e-01 2.775400000000000089e-01
-8.368799999999999573e-01 2.763399999999999745e-01
-8.365899999999999448e-01 2.751799999999999802e-01
-8.362999999999999323e-01 2.739949999999999886e-01
-8.360099999999999199e-01 2.730099999999999749e-01
-8.357200000000000184e-01 2.718599999999999905e-01
-8.354299999999998949e-01 2.707950000000000079e-01
-8.351399999999999935e-01 2.695799999999999863e-01
-8.348499999999999810e-01 2.683099999999999929e-01
-8.345599999999999685e-01 2.670100000000000251e-01
-8.342699999999999561e-01 2.658800000000000052e-01
-8.339799999999999436e-01 2.647849999999999926e-01
-8.336899999999999311e-01 2.636899999999999800e-01
-8.333999999999999186e-01 2.626049999999999773e-01
-8.331100000000000172e-01 2.615549999999999820e-01
-8.328199999999998937e-01 2.602550000000000141e-01
-8.325299999999999923e-01 2.591849999999999987e-01
-8.322399999999999798e-01 2.581049999999999733e-01
-8.319499999999999673e-01 2.569400000000000017e-01
-8.316599999999999548e-01 2.558849999999999736e-01
-8.313699999999999424e-01 2.548500000000000210e-01
-8.310799999999999299e-01 2.537550000000000083e-01
-8.307899999999999174e-01 2.527949999999999919e-01
-8.305000000000000160e-01 2.517249999999999766e-01
-8.302099999999998925e-01 2.504250000000000087e-01
-8.299199999999999910e-01 2.493700000000000083e-01
-8.296299999999999786e-01 2.483650000000000024e-01
-8.293399999999999661e-01 2.473249999999999893e-01
-8.290499999999999536e-01 2.461750000000000049e-01
-8.287599999999999412e-01 2.450549999999999951e-01
-8.284699999999999287e-01 2.438750000000000084e-01
-8.281799999999999162e-01 2.427249999999999963e-01
-8.278900000000000148e-01 2.415599999999999969e-01
-8.275999999999998913e-01 2.404699999999999893e-01
-8.273099999999999898e-01 2.393049999999999899e-01
-8.270199999999999774e-01 2.382299999999999973e-01
-8.267299999999999649e-01 2.370950000000000002e-01
-8.264399999999999524e-01 2.362400000000000055e-01
-8.261499999999999400e-01 2.351850000000000052e-01
-8.258599999999999275e-01 2.342799999999999883e-01
-8.255699999999999150e-01 2.332750000000000101e-01
-8.252800000000000136e-01 2.320949999999999958e-01
-8.249899999999998901e-01 2.310450000000000004e-01
-8.246999999999999886e-01 2.300149999999999972e-01
-8.244099999999999762e-01 2.289950000000000041e-01
-8.241199999999999637e-01 2.279150000000000065e-01
-8.238299999999999512e-01 2.269349999999999978e-01
-8.235399999999999388e-01 2.260050000000000114e-01
-8.232499999999999263e-01 2.249400000000000011e-01
-8.229599999999999138e-01 2.240550000000000042e-01
-8.226700000000000124e-01 2.231950000000000045e-01
-8.223799999999999999e-01 2.223600000000000021e-01
-8.220899999999999874e-01 2.212099999999999900e-01
-8.217999999999999750e-01 2.201549999999999896e-01
-8.215099999999999625e-01 2.192250000000000032e-01
-8.212199999999999500e-01 2.183650000000000035e-01
-8.209299999999999375e-01 2.174049999999999871e-01
-8.206399999999999251e-01 2.163200000000000123e-01
-8.203499999999999126e-01 2.152999999999999914e-01
-8.200600000000000112e-01 2.143249999999999877e-01
-8.197699999999999987e-01 2.132749999999999924e-01
-8.194799999999999862e-01 2.123950000000000005e-01
-8.191899999999999737e-01 2.113949999999999996e-01
-8.188999999999999613e-01 2.104900000000000104e-01
-8.186099999999999488e-01 2.094250000000000000e-01
-8.183199999999999363e-01 2.084350000000000092e-01
-8.180299999999999239e-01 2.072950000000000070e-01
-8.177399999999999114e-01 2.064499999999999946e-01
-8.174500000000000099e-01 2.053200000000000025e-01
-8.171599999999999975e-01 2.043899999999999884e-01
-8.168699999999999850e-01 2.036350000000000104e-01
-8.165799999999999725e-01 2.027549999999999908e-01
-8.162899999999999601e-01 2.017249999999999877e-01
-8.159999999999999476e-01 2.009350000000000025e-01
-8.157099999999999351e-01 1.999450000000000116e-01
-8.154199999999999227e-01 1.990200000000000025e-01
-8.151299999999999102e-01 1.980300000000000116e-01
-8.148400000000000087e-01 1.973050000000000082e-01
-8.145499999999999963e-01 1.963749999999999940e-01
-8.142599999999999838e-01 1.954400000000000026e-01
-8.139699999999999713e-01 1.945500000000000007e-01
-8.136799999999999589e-01 1.937850000000000128e-01
-8.133899999999999464e-01 1.930399999999999894e-01
-8.130999999999999339e-01 1.919849999999999890e-01
-8.128099999999999214e-01 1.910999999999999921e-01
-8.125199999999999090e-01 1.903549999999999964e-01
-8.122300000000000075e-01 1.895149999999999890e-01
-8.119399999999999951e-01 1.885600000000000054e-01
-8.116499999999999826e-01 1.875100000000000100e-01
-8.113599999999999701e-01 1.865999999999999881e-01
-8.110699999999999577e-01 1.859300000000000119e-01
-8.107799999999999452e-01 1.849850000000000105e-01
-8.104899999999999327e-01 1.841599999999999904e-01
-8.101999999999999202e-01 1.833299999999999930e-01
-8.099099999999999078e-01 1.826299999999999868e-01
-8.096200000000000063e-01 1.816949999999999954e-01
-8.093299999999999939e-01 1.807050000000000045e-01
-8.090399999999999814e-01 1.798849999999999894e-01
-8.087499999999999689e-01 1.789749999999999952e-01
-8.084599999999999564e-01 1.782350000000000045e-01
-8.081699999999999440e-01 1.774499999999999966e-01
-8.078799999999999315e-01 1.766699999999999937e-01
-8.075899999999999190e-01 1.759249999999999980e-01
-8.072999999999999066e-01 1.751600000000000101e-01
-8.070100000000000051e-01 1.743500000000000050e-01
-8.067199999999999926e-01 1.735250000000000126e-01
-8.064299999999999802e-01 1.726850000000000052e-01
-8.061399999999999677e-01 1.717650000000000010e-01
-8.058499999999999552e-01 1.708899999999999864e-01
-8.055599999999999428e-01 1.700949999999999962e-01
-8.052699999999999303e-01 1.693500000000000005e-01
-8.049799999999999178e-01 1.686199999999999921e-01
-8.046899999999999054e-01 1.679750000000000132e-01
-8.044000000000000039e-01 1.670500000000000040e-01
-8.041099999999999914e-01 1.662800000000000111e-01
-8.038199999999999790e-01 1.654400000000000037e-01
-8.035299999999999665e-01 1.645850000000000091e-01
-8.032399999999999540e-01 1.638100000000000112e-01
-8.029499999999999416e-01 1.630250000000000032e-01
-8.026599999999999291e-01 1.623249999999999971e-01
-8.023699999999999166e-01 1.614750000000000074e-01
-8.020799999999999041e-01 1.607300000000000118e-01
-8.017900000000000027e-01 1.600699999999999901e-01
-8.014999999999999902e-01 1.594349999999999934e-01
-8.012099999999999778e-01 1.585950000000000137e-01
-8.009199999999999653e-01 1.578199999999999881e-01
-8.006299999999999528e-01 1.571549999999999891e-01
-8.003399999999999403e-01 1.564399999999999957e-01
-8.000499999999999279e-01 1.556849999999999901e-01
-8.000000000000000444e-01 1.547199999999999964e-01
-7.999000000000000554e-01 1.547199999999999964e-01
-7.998000000000000664e-01 1.544110094835318137e-01
-7.997000000000000774e-01 1.540676866874557127e-01
-7.996000000000000885e-01 1.537998949065164656e-01
-7.995000000000000995e-01 1.535678086963695177e-01
-7.993999999999999995e-01 1.533938584796911975e-01
-7.993000000000000105e-01 1.532171616806444481e-01
-7.992000000000000215e-01 1.530008683191166341e-01
-7.991000000000000325e-01 1.527809128477642109e-01
-7.990000000000000435e-01 1.526300796993549647e-01
-7.989000000000000545e-01 1.523208603010225703e-01
-7.988000000000000655e-01 1.520038589193130896e-01
-7.987000000000000766e-01 1.517588408838470848e-01
-7.986000000000000876e-01 1.515487273326489859e-01
-7.984999999999999876e-01 1.512710391358739193e-01
-7.983999999999999986e-01 1.510172854425966826e-01
-7.983000000000000096e-01 1.507118698428616954e-01
-7.982000000000000206e-01 1.505383283437979058e-01
-7.981000000000000316e-01 1.502640243288700383e-01
-7.980000000000000426e-01 1.500897144406909134e-01
-7.979000000000000536e-01 1.498239172017099274e-01
-7.978000000000000647e-01 1.496109589759156422e-01
-7.977000000000000757e-01 1.493262135883324515e-01
-7.976000000000000867e-01 1.491308138712512110e-01
-7.975000000000000977e-01 1.488608422630351980e-01
-7.973999999999999977e-01 1.486437849711302883e-01
-7.973000000000000087e-01 1.482986965149602487e-01
-7.972000000000000197e-01 1.480548719349280284e-01
-7.971000000000000307e-01 1.477319422614213618e-01
-7.970000000000000417e-01 1.475057088875123268e-01
-7.969000000000000528e-01 1.471861288692175029e-01
-7.968000000000000638e-01 1.469468001829433990e-01
-7.967000000000000748e-01 1.467290562454462155e-01
-7.966000000000000858e-01 1.464892628596304869e-01
-7.964999999999999858e-01 1.462206699921670128e-01
-7.963999999999999968e-01 1.459201187608401562e-01
-7.963000000000000078e-01 1.456676419433095004e-01
-7.962000000000000188e-01 1.453799646880394314e-01
-7.961000000000000298e-01 1.451779422593598434e-01
-7.960000000000000409e-01 1.449784880635441586e-01
-7.959000000000000519e-01 1.447079031693080942e-01
-7.958000000000000629e-01 1.444807096805664215e-01
-7.957000000000000739e-01 1.441959860912556957e-01
-7.956000000000000849e-01 1.439746300808778801e-01
-7.955000000000000959e-01 1.436963097341920625e-01
-7.953999999999999959e-01 1.433802648850811268e-01
-7.953000000000000069e-01 1.431404610955440693e-01
-7.952000000000000179e-01 1.429449222048758128e-01
-7.951000000000000290e-01 1.426178871772944279e-01
-7.950000000000000400e-01 1.423630871669246956e-01
-7.949000000000000510e-01 1.421694674198180075e-01
-7.948000000000000620e-01 1.419011851777420563e-01
-7.947000000000000730e-01 1.416447169516545646e-01
-7.946000000000000840e-01 1.414648754468900704e-01
-7.944999999999999840e-01 1.412053074454412138e-01
-7.943999999999999950e-01 1.409301297847034284e-01
-7.943000000000000060e-01 1.407220482745904777e-01
-7.942000000000000171e-01 1.404407004831765282e-01
-7.941000000000000281e-01 1.401502356594494236e-01
-7.940000000000000391e-01 1.399183925457739286e-01
-7.939000000000000501e-01 1.397074645318385488e-01
-7.938000000000000611e-01 1.394611627229202788e-01
-7.937000000000000721e-01 1.392566195831355658e-01
-7.936000000000000831e-01 1.389872651480444643e-01
-7.935000000000000941e-01 1.388261997875044063e-01
-7.933999999999999941e-01 1.386282023603496449e-01
-7.933000000000000052e-01 1.383787136973050336e-01
-7.932000000000000162e-01 1.381726650666710854e-01
-7.931000000000000272e-01 1.379421653668270464e-01
-7.930000000000000382e-01 1.376588226904743306e-01
-7.929000000000000492e-01 1.374326821878777138e-01
-7.928000000000000602e-01 1.372388134587207431e-01
-7.927000000000000712e-01 1.370129320202115031e-01
-7.926000000000000822e-01 1.367908813232702747e-01
-7.924999999999999822e-01 1.365697923417338866e-01
-7.923999999999999932e-01 1.363756077640330133e-01
-7.923000000000000043e-01 1.361505394735050833e-01
-7.922000000000000153e-01 1.359026676823241742e-01
-7.921000000000000263e-01 1.356813552841840687e-01
-7.920000000000000373e-01 1.354340686277774874e-01
-7.919000000000000483e-01 1.351769788079359713e-01
-7.918000000000000593e-01 1.349481497056139456e-01
-7.917000000000000703e-01 1.347321503158976086e-01
-7.916000000000000814e-01 1.344790246948817380e-01
-7.915000000000000924e-01 1.343415288636019556e-01
-7.913999999999999924e-01 1.341235289017594090e-01
-7.913000000000000034e-01 1.338977362232885160e-01
-7.912000000000000144e-01 1.337107659592609021e-01
-7.911000000000000254e-01 1.334432187038760986e-01
-7.910000000000000364e-01 1.332185842828159106e-01
-7.909000000000000474e-01 1.330141059662163228e-01
-7.908000000000000584e-01 1.328171389605672936e-01
-7.907000000000000695e-01 1.326084181360762393e-01
-7.906000000000000805e-01 1.323763711018457745e-01
-7.904999999999999805e-01 1.321720500168333812e-01
-7.903999999999999915e-01 1.319452873326270592e-01
-7.903000000000000025e-01 1.317637334058575360e-01
-7.902000000000000135e-01 1.315187621299731824e-01
-7.901000000000000245e-01 1.312618088923165893e-01
-7.900000000000000355e-01 1.310412019823620211e-01
-7.899000000000000465e-01 1.308287740224177154e-01
-7.898000000000000576e-01 1.306013845207113500e-01
-7.897000000000000686e-01 1.304240199590165072e-01
-7.896000000000000796e-01 1.301963516337734938e-01
-7.895000000000000906e-01 1.299487469723102084e-01
-7.893999999999999906e-01 1.297105276351978587e-01
-7.893000000000000016e-01 1.294693156243360010e-01
-7.892000000000000126e-01 1.292754423277188147e-01
-7.891000000000000236e-01 1.290746676865114351e-01
-7.890000000000000346e-01 1.289136355829794689e-01
-7.889000000000000457e-01 1.286906708638820840e-01
-7.888000000000000567e-01 1.284670353334275983e-01
-7.887000000000000677e-01 1.282357381864568935e-01
-7.886000000000000787e-01 1.280396123522581642e-01
-7.884999999999999787e-01 1.278216818146861999e-01
-7.883999999999999897e-01 1.276277864832972009e-01
-7.883000000000000007e-01 1.274311250913269522e-01
-7.882000000000000117e-01 1.272379943953295955e-01
-7.881000000000000227e-01 1.270453001058711173e-01
-7.880000000000000338e-01 1.268559299952568276e-01
-7.879000000000000448e-01 1.266528708092062583e-01
-7.878000000000000558e-01 1.264401699651050148e-01
-7.877000000000000668e-01 1.262456398613139574e-01
-7.876000000000000778e-01 1.260452329948152650e-01
-7.875000000000000888e-01 1.258270048931701968e-01
-7.873999999999999888e-01 1.256067101189762836e-01
-7.872999999999999998e-01 1.254036689640244118e-01
-7.872000000000000108e-01 1.252288155256918167e-01
-7.871000000000000218e-01 1.250231091508060555e-01
-7.870000000000000329e-01 1.248345140770617812e-01
-7.869000000000000439e-01 1.246214639349183390e-01
-7.868000000000000549e-01 1.244242753595300455e-01
-7.867000000000000659e-01 1.242345988419557706e-01
-7.866000000000000769e-01 1.239875017446656624e-01
-7.864999999999999769e-01 1.237982732634190230e-01
-7.863999999999999879e-01 1.236460309591920770e-01
-7.862999999999999989e-01 1.234400816938347051e-01
-7.862000000000000099e-01 1.232735693878902472e-01
-7.861000000000000210e-01 1.230589483976575055e-01
-7.860000000000000320e-01 1.228368175401863133e-01
-7.859000000000000430e-01 1.226184107533128259e-01
-7.858000000000000540e-01 1.224215797279533252e-01
-7.857000000000000650e-01 1.221811192430323073e-01
-7.856000000000000760e-01 1.219728082373219141e-01
-7.855000000000000870e-01 1.217449940716815587e-01
-7.853999999999999870e-01 1.215378919298147065e-01
-7.852999999999999980e-01 1.213144859050066388e-01
-7.852000000000000091e-01 1.210695486704292945e-01
-7.851000000000000201e-01 1.208598603727318171e-01
-7.850000000000000311e-01 1.206299903546889651e-01
-7.849000000000000421e-01 1.203955983288153009e-01
-7.848000000000000531e-01 1.202013654383310010e-01
-7.847000000000000641e-01 1.199821829272113699e-01
-7.846000000000000751e-01 1.197594321130161926e-01
-7.844999999999999751e-01 1.195068201976004080e-01
-7.843999999999999861e-01 1.192941941690544017e-01
-7.842999999999999972e-01 1.190917326786036928e-01
-7.842000000000000082e-01 1.188533289831740919e-01
-7.841000000000000192e-01 1.186281592598168594e-01
-7.840000000000000302e-01 1.184253919177344211e-01
-7.839000000000000412e-01 1.182333963454128556e-01
-7.838000000000000522e-01 1.180561686547634132e-01
-7.837000000000000632e-01 1.178534943224481130e-01
-7.836000000000000743e-01 1.176475897731280446e-01
-7.835000000000000853e-01 1.174406744748551085e-01
-7.833999999999999853e-01 1.172207930604405729e-01
-7.832999999999999963e-01 1.170148171379295082e-01
-7.832000000000000073e-01 1.168138324681292500e-01
-7.831000000000000183e-01 1.166188221431014443e-01
-7.830000000000000293e-01 1.163927504192254769e-01
-7.829000000000000403e-01 1.161679978538294744e-01
-7.828000000000000513e-01 1.160003000986757349e-01
-7.827000000000000624e-01 1.157794317035995141e-01
-7.826000000000000734e-01 1.156217347924333033e-01
-7.824999999999999734e-01 1.154154318871002949e-01
-7.823999999999999844e-01 1.152015872342185693e-01
-7.822999999999999954e-01 1.150287373879930464e-01
-7.822000000000000064e-01 1.148217912756912817e-01
-7.821000000000000174e-01 1.146216414821212420e-01
-7.820000000000000284e-01 1.143913492521026753e-01
-7.819000000000000394e-01 1.142069081081143883e-01
-7.818000000000000504e-01 1.139940432672057469e-01
-7.817000000000000615e-01 1.137865069262670448e-01
-7.816000000000000725e-01 1.135980119219110046e-01
-7.815000000000000835e-01 1.134042708863697013e-01
-7.813999999999999835e-01 1.131732090843737826e-01
-7.812999999999999945e-01 1.129827197548935458e-01
-7.812000000000000055e-01 1.127415327919415039e-01
-7.811000000000000165e-01 1.125536382981883188e-01
-7.810000000000000275e-01 1.123147792011901236e-01
-7.809000000000000385e-01 1.121220326420557800e-01
-7.808000000000000496e-01 1.119201323562519085e-01
-7.807000000000000606e-01 1.117304118932884727e-01
-7.806000000000000716e-01 1.115438440438096396e-01
-7.804999999999999716e-01 1.113400113241440614e-01
-7.803999999999999826e-01 1.110989857047605112e-01
-7.802999999999999936e-01 1.109419391511074771e-01
-7.802000000000000046e-01 1.107372990547716846e-01
-7.801000000000000156e-01 1.105785137350310671e-01
-7.800000000000000266e-01 1.103771554420494710e-01
-7.799000000000000377e-01 1.101873279233694797e-01
-7.798000000000000487e-01 1.099777784203558872e-01
-7.797000000000000597e-01 1.098200863234130298e-01
-7.796000000000000707e-01 1.096042990477174850e-01
-7.795000000000000817e-01 1.094229649282254802e-01
-7.793999999999999817e-01 1.092664832671081943e-01
-7.792999999999999927e-01 1.090405353630394536e-01
-7.792000000000000037e-01 1.088757960921986623e-01
-7.791000000000000147e-01 1.086772944845368072e-01
-7.790000000000000258e-01 1.084490236737572222e-01
-7.789000000000000368e-01 1.082367446342452216e-01
-7.788000000000000478e-01 1.080455381045708485e-01
-7.787000000000000588e-01 1.078682258025655955e-01
-7.786000000000000698e-01 1.076890938343757348e-01
-7.784999999999999698e-01 1.074714348096903055e-01
-7.783999999999999808e-01 1.072795617808206953e-01
-7.782999999999999918e-01 1.071116829257166003e-01
-7.782000000000000028e-01 1.069327382311134056e-01
-7.781000000000000139e-01 1.067633023813587961e-01
-7.780000000000000249e-01 1.066086168566348080e-01
-7.779000000000000359e-01 1.064290266600774193e-01
-7.778000000000000469e-01 1.062435600247552264e-01
-7.777000000000000579e-01 1.060306535133056366e-01
-7.776000000000000689e-01 1.058360254178259824e-01
-7.775000000000000799e-01 1.056436490194047756e-01
-7.773999999999999799e-01 1.054119149504056524e-01
-7.772999999999999909e-01 1.052005649302076434e-01
-7.772000000000000020e-01 1.049928196918464285e-01
-7.771000000000000130e-01 1.047917250992328880e-01
-7.770000000000000240e-01 1.045895229885179661e-01
-7.769000000000000350e-01 1.044382535152146851e-01
-7.768000000000000460e-01 1.042752773734254429e-01
-7.767000000000000570e-01 1.041072885470994830e-01
-7.766000000000000680e-01 1.039262261286762190e-01
-7.764999999999999680e-01 1.037425894810410781e-01
-7.763999999999999790e-01 1.035157551065606779e-01
-7.762999999999999901e-01 1.033414882898001930e-01
-7.762000000000000011e-01 1.031668158220093168e-01
-7.761000000000000121e-01 1.029637266821133990e-01
-7.760000000000000231e-01 1.027604618960018396e-01
-7.759000000000000341e-01 1.025866749290260810e-01
-7.758000000000000451e-01 1.023906795776472478e-01
-7.757000000000000561e-01 1.022156476742445558e-01
-7.756000000000000671e-01 1.020492157182736476e-01
-7.755000000000000782e-01 1.018683241413177593e-01
-7.753999999999999782e-01 1.016829530483504967e-01
-7.752999999999999892e-01 1.015191572640148365e-01
-7.752000000000000002e-01 1.013102640404501265e-01
-7.751000000000000112e-01 1.011729922443263679e-01
-7.750000000000000222e-01 1.010249049226562973e-01
-7.749000000000000332e-01 1.008387430484044278e-01
-7.748000000000000442e-01 1.006627420361867198e-01
-7.747000000000000552e-01 1.004774056474848215e-01
-7.746000000000000663e-01 1.002961737526645580e-01
-7.744999999999999662e-01 1.001508593518768003e-01
-7.743999999999999773e-01 9.995883948416002529e-02
-7.742999999999999883e-01 9.981058992169491995e-02
-7.741999999999999993e-01 9.963664649896607217e-02
-7.741000000000000103e-01 9.943527819769155951e-02
-7.740000000000000213e-01 9.925500630886012476e-02
-7.739000000000000323e-01 9.906588649949060743e-02
-7.738000000000000433e-01 9.890931289432149109e-02
-7.737000000000000544e-01 9.872917125590713328e-02
-7.736000000000000654e-01 9.853415083639392724e-02
-7.735000000000000764e-01 9.836465962155874210e-02
-7.733999999999999764e-01 9.818475286662411983e-02
-7.732999999999999874e-01 9.800559138533519732e-02
-7.731999999999999984e-01 9.782466659041073875e-02
-7.731000000000000094e-01 9.761001961341495003e-02
-7.730000000000000204e-01 9.741948864358816740e-02
-7.729000000000000314e-01 9.722458385264182157e-02
-7.728000000000000425e-01 9.704805512464308170e-02
-7.727000000000000535e-01 9.687499374577637767e-02
-7.726000000000000645e-01 9.669956588943690035e-02
-7.724999999999999645e-01 9.653329151459830171e-02
-7.723999999999999755e-01 9.637752696429735533e-02
-7.722999999999999865e-01 9.618716633100440894e-02
-7.721999999999999975e-01 9.599233160772110973e-02
-7.721000000000000085e-01 9.582075205149452601e-02
-7.720000000000000195e-01 9.565565556482898135e-02
-7.719000000000000306e-01 9.550959949504431168e-02
-7.718000000000000416e-01 9.534852999491608139e-02
-7.717000000000000526e-01 9.516891751263130417e-02
-7.716000000000000636e-01 9.498027331791097927e-02
-7.715000000000000746e-01 9.481659015015959924e-02
-7.713999999999999746e-01 9.464240111605004557e-02
-7.712999999999999856e-01 9.446485225479095416e-02
-7.711999999999999966e-01 9.432146659017656698e-02
-7.711000000000000076e-01 9.415268015606415020e-02
-7.710000000000000187e-01 9.397053427991186592e-02
-7.709000000000000297e-01 9.378524413123974501e-02
-7.708000000000000407e-01 9.363245524767542516e-02
-7.707000000000000517e-01 9.346999750192991341e-02
-7.706000000000000627e-01 9.334172920326605505e-02
-7.704999999999999627e-01 9.315972562639966703e-02
-7.703999999999999737e-01 9.300792907634353179e-02
-7.702999999999999847e-01 9.283887606559257377e-02
-7.701999999999999957e-01 9.267290336368899650e-02
-7.701000000000000068e-01 9.249436092060163428e-02
-7.700000000000000178e-01 9.230444294711434572e-02
-7.699000000000000288e-01 9.212404771721176278e-02
-7.698000000000000398e-01 9.198673001007648398e-02
-7.697000000000000508e-01 9.178644001687794041e-02
-7.696000000000000618e-01 9.160546248095326194e-02
-7.695000000000000728e-01 9.139370929383063002e-02
-7.693999999999999728e-01 9.124568539507177389e-02
-7.692999999999999838e-01 9.108091488504874156e-02
-7.691999999999999948e-01 9.091195469482747649e-02
-7.691000000000000059e-01 9.071811865640375117e-02
-7.690000000000000169e-01 9.056464987389437060e-02
-7.689000000000000279e-01 9.042506818337157914e-02
-7.688000000000000389e-01 9.027577580989144812e-02
-7.687000000000000499e-01 9.011841851447580098e-02
-7.686000000000000609e-01 8.996059574076538390e-02
-7.684999999999999609e-01 8.983849440695780564e-02
-7.683999999999999719e-01 8.969345508326730110e-02
-7.682999999999999829e-01 8.954751907514815756e-02
-7.681999999999999940e-01 8.937868770441892430e-02
-7.681000000000000050e-01 8.922906268889170545e-02
-7.680000000000000160e-01 8.905403730204025647e-02
-7.679000000000000270e-01 8.891193484210437037e-02
-7.678000000000000380e-01 8.877169476844899709e-02
-7.677000000000000490e-01 8.863873239600672527e-02
-7.676000000000000600e-01 8.849200751792742070e-02
-7.675000000000000711e-01 8.832419293784950221e-02
-7.673999999999999710e-01 8.819688061525761402e-02
-7.672999999999999821e-01 8.804830674924470080e-02
-7.671999999999999931e-01 8.788015161002518671e-02
-7.671000000000000041e-01 8.773104097736655893e-02
-7.670000000000000151e-01 8.755000449401303952e-02
-7.669000000000000261e-01 8.740480693302721260e-02
-7.668000000000000371e-01 8.729128514137206307e-02
-7.667000000000000481e-01 8.714418170542119479e-02
-7.666000000000000592e-01 8.698144910094465776e-02
-7.664999999999999591e-01 8.679984948452945659e-02
-7.663999999999999702e-01 8.662786218065934851e-02
-7.662999999999999812e-01 8.647659270407169474e-02
-7.661999999999999922e-01 8.631408690427223862e-02
-7.661000000000000032e-01 8.617347225012352008e-02
-7.660000000000000142e-01 8.602286756375689125e-02
-7.659000000000000252e-01 8.587499181252800096e-02
-7.658000000000000362e-01 8.574861012099266322e-02
-7.657000000000000473e-01 8.561443809033354724e-02
-7.656000000000000583e-01 8.545879686701431110e-02
-7.655000000000000693e-01 8.527071735676552966e-02
-7.653999999999999693e-01 8.512793931218248789e-02
-7.652999999999999803e-01 8.498345255618822147e-02
-7.651999999999999913e-01 8.483027881514364210e-02
-7.651000000000000023e-01 8.466994369048491675e-02
-7.650000000000000133e-01 8.454905307723963037e-02
-7.649000000000000243e-01 8.439776680999791503e-02
-7.648000000000000353e-01 8.426840575530207544e-02
-7.647000000000000464e-01 8.411204400533511816e-02
-7.646000000000000574e-01 8.394152155873983723e-02
-7.644999999999999574e-01 8.376548489208748838e-02
-7.643999999999999684e-01 8.362827538122154236e-02
-7.642999999999999794e-01 8.346427090094919732e-02
-7.641999999999999904e-01 8.330018159857503768e-02
-7.641000000000000014e-01 8.315596552952826681e-02
-7.640000000000000124e-01 8.301704336793802597e-02
-7.639000000000000234e-01 8.288876358880570283e-02
-7.638000000000000345e-01 8.274442714567152579e-02
-7.637000000000000455e-01 8.262068045517233228e-02
-7.636000000000000565e-01 8.247051648153913561e-02
-7.635000000000000675e-01 8.231255802675532807e-02
-7.633999999999999675e-01 8.215836628866171609e-02
-7.632999999999999785e-01 8.202256529141845054e-02
-7.631999999999999895e-01 8.186260451965585161e-02
-7.631000000000000005e-01 8.169953300425415732e-02
-7.630000000000000115e-01 8.154155595890985597e-02
-7.629000000000000226e-01 8.141498528443036342e-02
-7.628000000000000336e-01 8.126560377185101935e-02
-7.627000000000000446e-01 8.110022002741990033e-02
-7.626000000000000556e-01 8.095311588501297173e-02
-7.624999999999999556e-01 8.079763708680752499e-02
-7.623999999999999666e-01 8.063905074416419239e-02
-7.622999999999999776e-01 8.051622807383185254e-02
-7.621999999999999886e-01 8.039428553643981901e-02
-7.620999999999999996e-01 8.028140415754765613e-02
-7.620000000000000107e-01 8.012644796718103313e-02
-7.619000000000000217e-01 8.001811063553980474e-02
-7.618000000000000327e-01 7.986671309444252909e-02
-7.617000000000000437e-01 7.971583691852418552e-02
-7.616000000000000547e-01 7.956053774439229842e-02
-7.615000000000000657e-01 7.940010250467449682e-02
-7.613999999999999657e-01 7.925283863970844500e-02
-7.612999999999999767e-01 7.911902258629656404e-02
-7.611999999999999877e-01 7.897361794849749872e-02
-7.610999999999999988e-01 7.883312080470600280e-02
-7.610000000000000098e-01 7.869484290564376927e-02
-7.609000000000000208e-01 7.853785626968484701e-02
-7.608000000000000318e-01 7.838658429509202941e-02
-7.607000000000000428e-01 7.824859697768714317e-02
-7.606000000000000538e-01 7.811354666896860865e-02
-7.604999999999999538e-01 7.798418525438677307e-02
-7.603999999999999648e-01 7.783326908396184796e-02
-7.602999999999999758e-01 7.768955289551249255e-02
-7.601999999999999869e-01 7.755632443429291700e-02
-7.600999999999999979e-01 7.740280065557428313e-02
-7.600000000000000089e-01 7.726406991714492023e-02
-7.599000000000000199e-01 7.711983791396653798e-02
-7.598000000000000309e-01 7.699320252880073601e-02
-7.597000000000000419e-01 7.684767178012177902e-02
-7.596000000000000529e-01 7.671518160043779011e-02
-7.595000000000000639e-01 7.655737570497589406e-02
-7.593999999999999639e-01 7.639493555659918056e-02
-7.592999999999999750e-01 7.625173743417046346e-02
-7.591999999999999860e-01 7.610449362845600474e-02
-7.590999999999999970e-01 7.594106724825092081e-02
-7.590000000000000080e-01 7.578417308956651721e-02
-7.589000000000000190e-01 7.565931420796689899e-02
-7.588000000000000300e-01 7.550956647953462053e-02
-7.587000000000000410e-01 7.539004762085584066e-02
-7.586000000000000520e-01 7.526418050609801069e-02
-7.584999999999999520e-01 7.512974720896167802e-02
-7.583999999999999631e-01 7.498731787997905962e-02
-7.582999999999999741e-01 7.486578385375472489e-02
-7.581999999999999851e-01 7.471247663265126460e-02
-7.580999999999999961e-01 7.457760688348222256e-02
-7.580000000000000071e-01 7.445164176927844546e-02
-7.579000000000000181e-01 7.431662572578148773e-02
-7.578000000000000291e-01 7.420290831130835207e-02
-7.577000000000000401e-01 7.407980561206629899e-02
-7.576000000000000512e-01 7.395609899903231310e-02
-7.575000000000000622e-01 7.379626563721661259e-02
-7.573999999999999622e-01 7.369207998718443897e-02
-7.572999999999999732e-01 7.355662163646556340e-02
-7.571999999999999842e-01 7.342092773737193823e-02
-7.570999999999999952e-01 7.330514288327265315e-02
-7.570000000000000062e-01 7.315932904926890357e-02
-7.569000000000000172e-01 7.303669632479828366e-02
-7.568000000000000282e-01 7.290433465612818076e-02
-7.567000000000000393e-01 7.279356372726662749e-02
-7.566000000000000503e-01 7.266313196364754257e-02
-7.564999999999999503e-01 7.254414448654936121e-02
-7.563999999999999613e-01 7.241723989968196218e-02
-7.562999999999999723e-01 7.230306723755466902e-02
-7.561999999999999833e-01 7.216857997139501657e-02
-7.560999999999999943e-01 7.200685426942771139e-02
-7.560000000000000053e-01 7.188189622149276925e-02
-7.559000000000000163e-01 7.174558590113774836e-02
-7.558000000000000274e-01 7.159246383897623078e-02
-7.557000000000000384e-01 7.144464245791845580e-02
-7.556000000000000494e-01 7.135075482021667470e-02
-7.555000000000000604e-01 7.124063795521465292e-02
-7.553999999999999604e-01 7.109850700065639684e-02
-7.552999999999999714e-01 7.096055198200955372e-02
-7.551999999999999824e-01 7.083945598231961016e-02
-7.550999999999999934e-01 7.069574113118141934e-02
-7.550000000000000044e-01 7.055505467248331108e-02
-7.549000000000000155e-01 7.041845921551224963e-02
-7.548000000000000265e-01 7.030642919198573648e-02
-7.547000000000000375e-01 7.018056902730254731e-02
-7.546000000000000485e-01 7.004854618399272703e-02
-7.544999999999999485e-01 6.990487403119742538e-02
-7.543999999999999595e-01 6.977246591716435020e-02
-7.542999999999999705e-01 6.963501854504650090e-02
-7.541999999999999815e-01 6.948660243649622259e-02
-7.540999999999999925e-01 6.934547855968414831e-02
-7.540000000000000036e-01 6.921625892321869866e-02
-7.539000000000000146e-01 6.909475824902724939e-02
-7.538000000000000256e-01 6.897635006574376337e-02
-7.537000000000000366e-01 6.883192104866098227e-02
-7.536000000000000476e-01 6.868636343299833191e-02
-7.535000000000000586e-01 6.854702290813023680e-02
-7.533999999999999586e-01 6.839146223902252408e-02
-7.532999999999999696e-01 6.828094492848797714e-02
-7.531999999999999806e-01 6.816881009743573638e-02
-7.530999999999999917e-01 6.803214016142790366e-02
-7.530000000000000027e-01 6.786118332696851330e-02
-7.529000000000000137e-01 6.776282959186451238e-02
-7.528000000000000247e-01 6.765839524431654928e-02
-7.527000000000000357e-01 6.752657884479613959e-02
-7.526000000000000467e-01 6.740231618570367844e-02
-7.524999999999999467e-01 6.726914885256859988e-02
-7.523999999999999577e-01 6.716274335149310937e-02
-7.522999999999999687e-01 6.705529515492447690e-02
-7.521999999999999797e-01 6.696147995007591114e-02
-7.520999999999999908e-01 6.682321535931426415e-02
-7.520000000000000018e-01 6.672236079760639205e-02
-7.519000000000000128e-01 6.661492638938432131e-02
-7.518000000000000238e-01 6.646173971621228971e-02
-7.517000000000000348e-01 6.633873345123603160e-02
-7.516000000000000458e-01 6.622615232731854373e-02
-7.515000000000000568e-01 6.610265038699206230e-02
-7.513999999999999568e-01 6.598935701937434783e-02
-7.512999999999999678e-01 6.587929228383400393e-02
-7.511999999999999789e-01 6.575170566695931473e-02
-7.510999999999999899e-01 6.563871386552690146e-02
-7.510000000000000009e-01 6.549615979124751020e-02
-7.509000000000000119e-01 6.536696853508548732e-02
-7.508000000000000229e-01 6.525861553327412523e-02
-7.507000000000000339e-01 6.515618454900223844e-02
-7.506000000000000449e-01 6.503489431819314825e-02
-7.504999999999999449e-01 6.489251110939410483e-02
-7.503999999999999559e-01 6.479685981923606619e-02
-7.502999999999999670e-01 6.469651601810981478e-02
-7.501999999999999780e-01 6.455650091567229076e-02
-7.500999999999999890e-01 6.442328252606502326e-02
-7.500000000000000000e-01 6.430607051112931238e-02
-7.499000000000000110e-01 6.418158378784211138e-02
-7.498000000000000220e-01 6.408205608020514643e-02
-7.497000000000000330e-01 6.397144578989426289e-02
-7.496000000000000441e-01 6.385377347827389527e-02
-7.495000000000000551e-01 6.374852350842867554e-02
-7.493999999999999551e-01 6.363355499485146005e-02
-7.492999999999999661e-01 6.349238578832477886e-02
-7.491999999999999771e-01 6.336048614387676525e-02
-7.490999999999999881e-01 6.324932807460846573e-02
-7.489999999999999991e-01 6.315647713209754377e-02
-7.489000000000000101e-01 6.301479999413309163e-02
-7.488000000000000211e-01 6.287713377259881997e-02
-7.487000000000000322e-01 6.275308488326522549e-02
-7.486000000000000432e-01 6.261745649189866258e-02
-7.484999999999999432e-01 6.252548247688279048e-02
-7.483999999999999542e-01 6.240177603292082487e-02
-7.482999999999999652e-01 6.228711345182708775e-02
-7.481999999999999762e-01 6.216337296884708041e-02
-7.480999999999999872e-01 6.204504829724797471e-02
-7.479999999999999982e-01 6.191523649730222567e-02
-7.479000000000000092e-01 6.178468598898133324e-02
-7.478000000000000203e-01 6.166817642419544082e-02
-7.477000000000000313e-01 6.155430143960483047e-02
-7.476000000000000423e-01 6.142285156795886797e-02
-7.475000000000000533e-01 6.128368371259511338e-02
-7.473999999999999533e-01 6.117637219090271000e-02
-7.472999999999999643e-01 6.106520544249059712e-02
-7.471999999999999753e-01 6.094764645727096530e-02
-7.470999999999999863e-01 6.083017212151928949e-02
-7.469999999999999973e-01 6.071636732950248111e-02
-7.469000000000000083e-01 6.059168796366778964e-02
-7.468000000000000194e-01 6.049023387511632405e-02
-7.467000000000000304e-01 6.038187190808919080e-02
-7.466000000000000414e-01 6.026525996331470736e-02
-7.464999999999999414e-01 6.014715292311881289e-02
-7.463999999999999524e-01 6.004900269318937805e-02
-7.462999999999999634e-01 5.995731459171047689e-02
-7.461999999999999744e-01 5.988058093421704670e-02
-7.460999999999999854e-01 5.978086049585672884e-02
-7.459999999999999964e-01 5.967667360266215582e-02
-7.459000000000000075e-01 5.954185767913924843e-02
-7.458000000000000185e-01 5.940398611795964096e-02
-7.457000000000000295e-01 5.932134124394252556e-02
-7.456000000000000405e-01 5.921796809996180549e-02
-7.455000000000000515e-01 5.912214884715314561e-02
-7.453999999999999515e-01 5.900808918754794213e-02
-7.452999999999999625e-01 5.890036174831991822e-02
-7.451999999999999735e-01 5.876006585196578980e-02
-7.450999999999999845e-01 5.863967891547167827e-02
-7.449999999999999956e-01 5.852970795297476880e-02
-7.449000000000000066e-01 5.843565798747789308e-02
-7.448000000000000176e-01 5.835197520149513345e-02
-7.447000000000000286e-01 5.824758239828906059e-02
-7.446000000000000396e-01 5.814306941390764982e-02
-7.444999999999999396e-01 5.804195189603722493e-02
-7.443999999999999506e-01 5.791418213406752946e-02
-7.442999999999999616e-01 5.778797747988812655e-02
-7.441999999999999726e-01 5.769486298475628994e-02
-7.440999999999999837e-01 5.758030968664893529e-02
-7.439999999999999947e-01 5.745987208830022341e-02
-7.439000000000000057e-01 5.733377568765443688e-02
-7.438000000000000167e-01 5.722032576388874636e-02
-7.437000000000000277e-01 5.711571338010174026e-02
-7.436000000000000387e-01 5.700082308093616656e-02
-7.435000000000000497e-01 5.690877524007897925e-02
-7.433999999999999497e-01 5.680896198042417744e-02
-7.432999999999999607e-01 5.667581843685214754e-02
-7.431999999999999718e-01 5.657045254446958771e-02
-7.430999999999999828e-01 5.646556510835595843e-02
-7.429999999999999938e-01 5.635223692095521486e-02
-7.429000000000000048e-01 5.625291334270830085e-02
-7.428000000000000158e-01 5.611912098591346348e-02
-7.427000000000000268e-01 5.600400586593971830e-02
-7.426000000000000378e-01 5.590967114298770607e-02
-7.424999999999999378e-01 5.581531411407916754e-02
-7.423999999999999488e-01 5.569979953851776633e-02
-7.422999999999999599e-01 5.556128584682703403e-02
-7.421999999999999709e-01 5.547405140529489825e-02
-7.420999999999999819e-01 5.537279454587912264e-02
-7.419999999999999929e-01 5.527223208875831767e-02
-7.419000000000000039e-01 5.516640925825105901e-02
-7.418000000000000149e-01 5.504709084284965109e-02
-7.417000000000000259e-01 5.493844219050676714e-02
-7.416000000000000369e-01 5.484646310441845807e-02
-7.415000000000000480e-01 5.473505482189072735e-02
-7.413999999999999480e-01 5.461098292807870652e-02
-7.412999999999999590e-01 5.449588646359356664e-02
-7.411999999999999700e-01 5.439840709666785706e-02
-7.410999999999999810e-01 5.431385154178695884e-02
-7.409999999999999920e-01 5.420402363444738053e-02
-7.409000000000000030e-01 5.409021169533282519e-02
-7.408000000000000140e-01 5.397953024968099589e-02
-7.407000000000000250e-01 5.389285564360057207e-02
-7.406000000000000361e-01 5.379324029298296339e-02
-7.404999999999999361e-01 5.368820542997356643e-02
-7.403999999999999471e-01 5.356502988682395466e-02
-7.402999999999999581e-01 5.345252309021829296e-02
-7.401999999999999691e-01 5.336862886753263729e-02
-7.400999999999999801e-01 5.326909398870457307e-02
-7.399999999999999911e-01 5.316323103238205366e-02
-7.399000000000000021e-01 5.305122783885631021e-02
-7.398000000000000131e-01 5.295667148656559714e-02
-7.397000000000000242e-01 5.286232433541737663e-02
-7.396000000000000352e-01 5.276930288804006913e-02
-7.395000000000000462e-01 5.267600924044697069e-02
-7.393999999999999462e-01 5.257801122394786808e-02
-7.392999999999999572e-01 5.248770483487239652e-02
-7.391999999999999682e-01 5.237500963272685023e-02
-7.390999999999999792e-01 5.225682678553172228e-02
-7.389999999999999902e-01 5.215552381065661353e-02
-7.389000000000000012e-01 5.205698394441132804e-02
-7.388000000000000123e-01 5.196826001609392703e-02
-7.387000000000000233e-01 5.188146659385695775e-02
-7.386000000000000343e-01 5.178002915793589872e-02
-7.384999999999999343e-01 5.168103299704962517e-02
-7.383999999999999453e-01 5.160454713160852330e-02
-7.382999999999999563e-01 5.149003996899927799e-02
-7.381999999999999673e-01 5.138197061627979012e-02
-7.380999999999999783e-01 5.128198810794168394e-02
-7.379999999999999893e-01 5.118639332560504657e-02
-7.379000000000000004e-01 5.110734744093015786e-02
-7.378000000000000114e-01 5.100743951511040736e-02
-7.377000000000000224e-01 5.091707488209015059e-02
-7.376000000000000334e-01 5.082921381927478499e-02
-7.375000000000000444e-01 5.073775513132874893e-02
-7.373999999999999444e-01 5.064801675782105300e-02
-7.372999999999999554e-01 5.054724885713531707e-02
-7.371999999999999664e-01 5.044281800017537398e-02
-7.370999999999999774e-01 5.034218929645993545e-02
-7.369999999999999885e-01 5.024118294573984983e-02
-7.368999999999999995e-01 5.012659205690979392e-02
-7.368000000000000105e-01 5.003915992980682848e-02
-7.367000000000000215e-01 4.993122030551614549e-02
-7.366000000000000325e-01 4.983397851454558769e-02
-7.364999999999999325e-01 4.973307973829409201e-02
-7.363999999999999435e-01 4.963880222325053188e-02
-7.362999999999999545e-01 4.953596984632082506e-02
-7.361999999999999655e-01 4.946614914138774965e-02
-7.360999999999999766e-01 4.939657129138514541e-02
-7.359999999999999876e-01 4.930797896823019277e-02
-7.358999999999999986e-01 4.921219504818292317e-02
-7.358000000000000096e-01 4.913405807618316523e-02
-7.357000000000000206e-01 4.904483322467941692e-02
-7.356000000000000316e-01 4.893314701220526780e-02
-7.355000000000000426e-01 4.882539056584075249e-02
-7.353999999999999426e-01 4.872560290497612162e-02
-7.352999999999999536e-01 4.862383819650157452e-02
-7.351999999999999647e-01 4.854347674417806152e-02
-7.350999999999999757e-01 4.845230176288003315e-02
-7.349999999999999867e-01 4.833738158624600878e-02
-7.348999999999999977e-01 4.823193069634661850e-02
-7.348000000000000087e-01 4.815712526697012164e-02
-7.347000000000000197e-01 4.808285411293455880e-02
-7.346000000000000307e-01 4.799063701585373765e-02
-7.344999999999999307e-01 4.788627561767504898e-02
-7.343999999999999417e-01 4.780464693870382920e-02
-7.342999999999999527e-01 4.771320033028903645e-02
-7.341999999999999638e-01 4.760293629808849680e-02
-7.340999999999999748e-01 4.750017923828699085e-02
-7.339999999999999858e-01 4.739949448334445509e-02
-7.338999999999999968e-01 4.730482255374889727e-02
-7.338000000000000078e-01 4.721470707078371382e-02
-7.337000000000000188e-01 4.711623820704335247e-02
-7.336000000000000298e-01 4.702505004753397555e-02
-7.335000000000000409e-01 4.692126446964080266e-02
-7.333999999999999408e-01 4.681804531095235672e-02
-7.332999999999999519e-01 4.669450288222694312e-02
-7.331999999999999629e-01 4.660016007941424759e-02
-7.330999999999999739e-01 4.651816936787034340e-02
-7.329999999999999849e-01 4.640598672022769322e-02
-7.328999999999999959e-01 4.634246587183973171e-02
-7.328000000000000069e-01 4.625211118325351506e-02
-7.327000000000000179e-01 4.614341145445200604e-02
-7.326000000000000290e-01 4.605567373749435561e-02
-7.324999999999999289e-01 4.596059609324034539e-02
-7.323999999999999400e-01 4.589045280877945832e-02
-7.322999999999999510e-01 4.578761869750681834e-02
-7.321999999999999620e-01 4.569853683292821045e-02
-7.320999999999999730e-01 4.561236235871760775e-02
-7.319999999999999840e-01 4.551375258659542955e-02
-7.318999999999999950e-01 4.543785384188877424e-02
-7.318000000000000060e-01 4.534799894107428841e-02
-7.317000000000000171e-01 4.524006639670258290e-02
-7.316000000000000281e-01 4.515718244158008210e-02
-7.315000000000000391e-01 4.507781211609351857e-02
-7.313999999999999391e-01 4.499708806283245210e-02
-7.312999999999999501e-01 4.490580439416484715e-02
-7.311999999999999611e-01 4.481651381221282704e-02
-7.310999999999999721e-01 4.472398900827731505e-02
-7.309999999999999831e-01 4.464607196290221874e-02
-7.308999999999999941e-01 4.456332681999117251e-02
-7.308000000000000052e-01 4.448467422790453735e-02
-7.307000000000000162e-01 4.441350970771368312e-02
-7.306000000000000272e-01 4.431345316122170530e-02
-7.304999999999999272e-01 4.423771160150769682e-02
-7.303999999999999382e-01 4.415465540000010347e-02
-7.302999999999999492e-01 4.407009568804240440e-02
-7.301999999999999602e-01 4.396984329040108663e-02
-7.300999999999999712e-01 4.387573630308141265e-02
-7.299999999999999822e-01 4.377501190810758475e-02
-7.298999999999999932e-01 4.368394942942267073e-02
-7.298000000000000043e-01 4.359287630801207680e-02
-7.297000000000000153e-01 4.351139923345326982e-02
-7.296000000000000263e-01 4.342136668442899555e-02
-7.295000000000000373e-01 4.332779184721458759e-02
-7.293999999999999373e-01 4.323295760303973861e-02
-7.292999999999999483e-01 4.315414596650057888e-02
-7.291999999999999593e-01 4.305774403827589830e-02
-7.290999999999999703e-01 4.297634617207646973e-02
-7.289999999999999813e-01 4.288410927450256316e-02
-7.288999999999999924e-01 4.277208533230161119e-02
-7.288000000000000034e-01 4.269454437396462410e-02
-7.287000000000000144e-01 4.262165594283837122e-02
-7.286000000000000254e-01 4.254035939535148747e-02
-7.284999999999999254e-01 4.245181060491385466e-02
-7.283999999999999364e-01 4.235484525210730933e-02
-7.282999999999999474e-01 4.227132676333768269e-02
-7.281999999999999584e-01 4.217725523201602128e-02
-7.280999999999999694e-01 4.207402974523417882e-02
-7.279999999999999805e-01 4.198543510519046201e-02
-7.278999999999999915e-01 4.189457106590060292e-02
-7.278000000000000025e-01 4.180788942490724913e-02
-7.277000000000000135e-01 4.172664342255074515e-02
-7.276000000000000245e-01 4.165711918144757164e-02
-7.275000000000000355e-01 4.156495457956724954e-02
-7.273999999999999355e-01 4.147644523383807458e-02
-7.272999999999999465e-01 4.137800463662178602e-02
-7.271999999999999575e-01 4.129162958761094931e-02
-7.270999999999999686e-01 4.122449953220765767e-02
-7.269999999999999796e-01 4.114549974854492947e-02
-7.268999999999999906e-01 4.107293068171957717e-02
-7.268000000000000016e-01 4.101875999206011647e-02
-7.267000000000000126e-01 4.094772196476497567e-02
-7.266000000000000236e-01 4.085942317055746981e-02
-7.264999999999999236e-01 4.076984842946201198e-02
-7.263999999999999346e-01 4.067848646304052240e-02
-7.262999999999999456e-01 4.058461036762218976e-02
-7.261999999999999567e-01 4.046700954596420263e-02
-7.260999999999999677e-01 4.039840969615181299e-02
-7.259999999999999787e-01 4.033183378397582619e-02
-7.258999999999999897e-01 4.025502877555076769e-02
-7.258000000000000007e-01 4.018858455130109447e-02
-7.257000000000000117e-01 4.011701339561712931e-02
-7.256000000000000227e-01 4.002792825430123713e-02
-7.255000000000000338e-01 3.994599319405656157e-02
-7.253999999999999337e-01 3.985377619867228050e-02
-7.252999999999999448e-01 3.976248230363119140e-02
-7.251999999999999558e-01 3.970464640959613795e-02
-7.250999999999999668e-01 3.962688213009854521e-02
-7.249999999999999778e-01 3.952870962663260906e-02
-7.248999999999999888e-01 3.944496692250940711e-02
-7.247999999999999998e-01 3.937503062095865092e-02
-7.247000000000000108e-01 3.929043604028480824e-02
-7.246000000000000218e-01 3.921056682339740113e-02
-7.244999999999999218e-01 3.912733215457363939e-02
-7.243999999999999329e-01 3.902717386218112344e-02
-7.242999999999999439e-01 3.893987412167342066e-02
-7.241999999999999549e-01 3.886665412268957426e-02
-7.240999999999999659e-01 3.880870139904613741e-02
-7.239999999999999769e-01 3.872860102144499994e-02
-7.238999999999999879e-01 3.864537022793822912e-02
-7.237999999999999989e-01 3.857161150678047046e-02
-7.237000000000000099e-01 3.850562920307636083e-02
-7.236000000000000210e-01 3.844061374082647503e-02
-7.235000000000000320e-01 3.832294879785071856e-02
-7.233999999999999320e-01 3.824648844571242046e-02
-7.232999999999999430e-01 3.817214840614542581e-02
-7.231999999999999540e-01 3.808874778633612040e-02
-7.230999999999999650e-01 3.801576587083844300e-02
-7.229999999999999760e-01 3.792948289429119713e-02
-7.228999999999999870e-01 3.784994779761777228e-02
-7.227999999999999980e-01 3.776559112862838685e-02
-7.227000000000000091e-01 3.768034089505913065e-02
-7.226000000000000201e-01 3.762529721738950422e-02
-7.224999999999999201e-01 3.752680250273823792e-02
-7.223999999999999311e-01 3.743635944806409516e-02
-7.222999999999999421e-01 3.736915820365931812e-02
-7.221999999999999531e-01 3.730191001606156243e-02
-7.220999999999999641e-01 3.723060632115212515e-02
-7.219999999999999751e-01 3.715668826824725102e-02
-7.218999999999999861e-01 3.710609534001592380e-02
-7.217999999999999972e-01 3.705455280829308973e-02
-7.217000000000000082e-01 3.697639388934672450e-02
-7.216000000000000192e-01 3.689060100090018474e-02
-7.215000000000000302e-01 3.681251899474290157e-02
-7.213999999999999302e-01 3.673793477870014590e-02
-7.212999999999999412e-01 3.665027132691654060e-02
-7.211999999999999522e-01 3.657436441436422853e-02
-7.210999999999999632e-01 3.652051514283840422e-02
-7.209999999999999742e-01 3.644395739591029665e-02
-7.208999999999999853e-01 3.637467161107229424e-02
-7.207999999999999963e-01 3.631236353523278892e-02
-7.207000000000000073e-01 3.622832827179416765e-02
-7.206000000000000183e-01 3.615503885668660405e-02
-7.204999999999999183e-01 3.609965492094649453e-02
-7.203999999999999293e-01 3.603819713445512857e-02
-7.202999999999999403e-01 3.595920491766108756e-02
-7.201999999999999513e-01 3.590451460500384412e-02
-7.200999999999999623e-01 3.583822653467289010e-02
-7.199999999999999734e-01 3.576285052193257930e-02
-7.198999999999999844e-01 3.569367804050220527e-02
-7.197999999999999954e-01 3.561997589307894230e-02
-7.197000000000000064e-01 3.554764050329752706e-02
-7.196000000000000174e-01 3.548409500218781959e-02
-7.195000000000000284e-01 3.540047359214112260e-02
-7.193999999999999284e-01 3.533061508020336056e-02
-7.192999999999999394e-01 3.526544170418750845e-02
-7.191999999999999504e-01 3.520514399213266199e-02
-7.190999999999999615e-01 3.513115350485158245e-02
-7.189999999999999725e-01 3.505383039999365041e-02
-7.188999999999999835e-01 3.501520198282132013e-02
-7.187999999999999945e-01 3.496138376240545687e-02
-7.187000000000000055e-01 3.489266467005636835e-02
-7.186000000000000165e-01 3.483582642055110118e-02
-7.184999999999999165e-01 3.475743594682566273e-02
-7.183999999999999275e-01 3.468761572107310898e-02
-7.182999999999999385e-01 3.464062920899977499e-02
-7.181999999999999496e-01 3.456346871775020646e-02
-7.180999999999999606e-01 3.448303592347589513e-02
-7.179999999999999716e-01 3.441106317170262302e-02
-7.178999999999999826e-01 3.433932668903628277e-02
-7.177999999999999936e-01 3.426647466334682701e-02
-7.177000000000000046e-01 3.420313245781101547e-02
-7.176000000000000156e-01 3.413652847506396665e-02
-7.175000000000000266e-01 3.407645198517014751e-02
-7.173999999999999266e-01 3.401388411814876278e-02
-7.172999999999999376e-01 3.395118609974274310e-02
-7.171999999999999487e-01 3.388512264625511555e-02
-7.170999999999999597e-01 3.382041341242707916e-02
-7.169999999999999707e-01 3.373892300078885909e-02
-7.168999999999999817e-01 3.366867156155176066e-02
-7.167999999999999927e-01 3.360111520473107322e-02
-7.167000000000000037e-01 3.353890516968009716e-02
-7.166000000000000147e-01 3.348293283357126754e-02
-7.164999999999999147e-01 3.341950266111070461e-02
-7.163999999999999257e-01 3.335045897857223662e-02
-7.162999999999999368e-01 3.327974139686305788e-02
-7.161999999999999478e-01 3.319563613932022261e-02
-7.160999999999999588e-01 3.312978487540164940e-02
-7.159999999999999698e-01 3.306475822690877614e-02
-7.158999999999999808e-01 3.300927563933328535e-02
-7.157999999999999918e-01 3.293884233125994598e-02
-7.157000000000000028e-01 3.286301557479664320e-02
-7.156000000000000139e-01 3.279718141070296633e-02
-7.155000000000000249e-01 3.271480003311325047e-02
-7.153999999999999249e-01 3.263596931466331008e-02
-7.152999999999999359e-01 3.257373409534605746e-02
-7.151999999999999469e-01 3.251272671915318019e-02
-7.150999999999999579e-01 3.244866796191685915e-02
-7.149999999999999689e-01 3.237610690249623224e-02
-7.148999999999999799e-01 3.230819288630967095e-02
-7.147999999999999909e-01 3.224018460044834888e-02
-7.147000000000000020e-01 3.216303292069294661e-02
-7.146000000000000130e-01 3.210832860861615595e-02
-7.144999999999999130e-01 3.205400289785941687e-02
-7.143999999999999240e-01 3.198797052634614474e-02
-7.142999999999999350e-01 3.193031254339277758e-02
-7.141999999999999460e-01 3.187434543192340514e-02
-7.140999999999999570e-01 3.181318085077063096e-02
-7.139999999999999680e-01 3.176542479251279888e-02
-7.138999999999999790e-01 3.169516494612871493e-02
-7.137999999999999901e-01 3.163667300313161707e-02
-7.137000000000000011e-01 3.157158315069473475e-02
-7.136000000000000121e-01 3.151021923963989030e-02
-7.135000000000000231e-01 3.146188763268837479e-02
-7.133999999999999231e-01 3.138778595828711770e-02
-7.132999999999999341e-01 3.133372055149469260e-02
-7.131999999999999451e-01 3.127095587300835616e-02
-7.130999999999999561e-01 3.121400447828328803e-02
-7.129999999999999671e-01 3.115924722083590961e-02
-7.128999999999999782e-01 3.109217459032655173e-02
-7.127999999999999892e-01 3.102710245466536176e-02
-7.127000000000000002e-01 3.096763655701514559e-02
-7.126000000000000112e-01 3.092098258114972520e-02
-7.124999999999999112e-01 3.086777248941332402e-02
-7.123999999999999222e-01 3.081666497277476408e-02
-7.122999999999999332e-01 3.074871728881002284e-02
-7.121999999999999442e-01 3.067669133314791796e-02
-7.120999999999999552e-01 3.061705394138187694e-02
-7.119999999999999662e-01 3.053057005905947252e-02
-7.118999999999999773e-01 3.048129147292163305e-02
-7.117999999999999883e-01 3.042539645150061159e-02
-7.116999999999999993e-01 3.036015135712181318e-02
-7.116000000000000103e-01 3.029335226491832941e-02
-7.115000000000000213e-01 3.023969183653446927e-02
-7.113999999999999213e-01 3.016846777752132253e-02
-7.112999999999999323e-01 3.010355798024581114e-02
-7.111999999999999433e-01 3.005954621305573574e-02
-7.110999999999999543e-01 2.999331835518120881e-02
-7.109999999999999654e-01 2.992160991818369753e-02
-7.108999999999999764e-01 2.986903423119976683e-02
-7.107999999999999874e-01 2.981053266985994599e-02
-7.106999999999999984e-01 2.974012228851193734e-02
-7.106000000000000094e-01 2.967993954490138336e-02
-7.104999999999999094e-01 2.963160418899557849e-02
-7.103999999999999204e-01 2.957593741672700019e-02
-7.102999999999999314e-01 2.953120606634885084e-02
-7.101999999999999424e-01 2.947368813935812709e-02
-7.100999999999999535e-01 2.943068070722065777e-02
-7.099999999999999645e-01 2.936651716067688322e-02
-7.098999999999999755e-01 2.930138420026789578e-02
-7.097999999999999865e-01 2.922842572296372593e-02
-7.096999999999999975e-01 2.916958733816751859e-02
-7.096000000000000085e-01 2.910770038613860397e-02
-7.095000000000000195e-01 2.906031568727111825e-02
-7.093999999999999195e-01 2.901472416232989820e-02
-7.092999999999999305e-01 2.897190659627936135e-02
-7.091999999999999416e-01 2.890396381681298657e-02
-7.090999999999999526e-01 2.885443995602542111e-02
-7.089999999999999636e-01 2.879860033271435318e-02
-7.088999999999999746e-01 2.872991882586119899e-02
-7.087999999999999856e-01 2.869127441500768372e-02
-7.086999999999999966e-01 2.863514488837618291e-02
-7.086000000000000076e-01 2.855216862021146829e-02
-7.084999999999999076e-01 2.848593710999944642e-02
-7.083999999999999186e-01 2.843360538010862235e-02
-7.082999999999999297e-01 2.839012464699451968e-02
-7.081999999999999407e-01 2.835242553078200570e-02
-7.080999999999999517e-01 2.829592723064682999e-02
-7.079999999999999627e-01 2.824371936281177761e-02
-7.078999999999999737e-01 2.819238755364514987e-02
-7.077999999999999847e-01 2.814165150663223633e-02
-7.076999999999999957e-01 2.808262506096495179e-02
-7.076000000000000068e-01 2.802830493092873729e-02
-7.075000000000000178e-01 2.796947275705753688e-02
-7.073999999999999178e-01 2.790866951788178313e-02
-7.072999999999999288e-01 2.786388537103967958e-02
-7.071999999999999398e-01 2.782089813506240239e-02
-7.070999999999999508e-01 2.775983842181581687e-02
-7.069999999999999618e-01 2.770082210391933489e-02
-7.068999999999999728e-01 2.764662711594573566e-02
-7.067999999999999838e-01 2.759394379449605153e-02
-7.066999999999999948e-01 2.752570151004664345e-02
-7.066000000000000059e-01 2.747437658793069198e-02
-7.064999999999999059e-01 2.742796187265367919e-02
-7.063999999999999169e-01 2.737384865228420852e-02
-7.062999999999999279e-01 2.731290108849567314e-02
-7.061999999999999389e-01 2.726040703162132400e-02
-7.060999999999999499e-01 2.719754574354075333e-02
-7.059999999999999609e-01 2.712333146289910152e-02
-7.058999999999999719e-01 2.707714745090612080e-02
-7.057999999999999829e-01 2.703265976982164101e-02
-7.056999999999999940e-01 2.697120628286370572e-02
-7.056000000000000050e-01 2.692724203276282077e-02
-7.055000000000000160e-01 2.687230084454782925e-02
-7.053999999999999160e-01 2.680392891748997058e-02
-7.052999999999999270e-01 2.676884474231067471e-02
-7.051999999999999380e-01 2.671131703305328065e-02
-7.050999999999999490e-01 2.665628198622189277e-02
-7.049999999999999600e-01 2.660433303689125131e-02
-7.048999999999999710e-01 2.655235614610610903e-02
-7.047999999999999821e-01 2.651076852011254384e-02
-7.046999999999999931e-01 2.642816673542532427e-02
-7.046000000000000041e-01 2.637076490166165646e-02
-7.044999999999999041e-01 2.632109249725015157e-02
-7.043999999999999151e-01 2.627727268329105303e-02
-7.042999999999999261e-01 2.622697603373123562e-02
-7.041999999999999371e-01 2.618557015522661111e-02
-7.040999999999999481e-01 2.612603273280039370e-02
-7.039999999999999591e-01 2.607042765277685706e-02
-7.038999999999999702e-01 2.602694295130015406e-02
-7.037999999999999812e-01 2.598609656289974090e-02
-7.036999999999999922e-01 2.591465281689634206e-02
-7.036000000000000032e-01 2.586099632275322413e-02
-7.035000000000000142e-01 2.580701277681602540e-02
-7.033999999999999142e-01 2.574454927994113823e-02
-7.032999999999999252e-01 2.569330050052211212e-02
-7.031999999999999362e-01 2.564090712539376579e-02
-7.030999999999999472e-01 2.559784820721365192e-02
-7.029999999999999583e-01 2.555205580658175685e-02
-7.028999999999999693e-01 2.551582591881629627e-02
-7.027999999999999803e-01 2.546913145696128380e-02
-7.026999999999999913e-01 2.541461661271577493e-02
-7.026000000000000023e-01 2.535802007626537444e-02
-7.024999999999999023e-01 2.531097332433463257e-02
-7.023999999999999133e-01 2.526235264701232400e-02
-7.022999999999999243e-01 2.521621419381459006e-02
-7.021999999999999353e-01 2.515938369605430838e-02
-7.020999999999999464e-01 2.512064931951891317e-02
-7.019999999999999574e-01 2.505846185550892474e-02
-7.018999999999999684e-01 2.502588060099602413e-02
-7.017999999999999794e-01 2.497554926970529943e-02
-7.016999999999999904e-01 2.491061113689229875e-02
-7.016000000000000014e-01 2.484906053782381594e-02
-7.015000000000000124e-01 2.480601886937174386e-02
-7.013999999999999124e-01 2.477231995433936892e-02
-7.012999999999999234e-01 2.473004026646001205e-02
-7.011999999999999345e-01 2.468192094875721124e-02
-7.010999999999999455e-01 2.462583479538932654e-02
-7.009999999999999565e-01 2.458319266618654367e-02
-7.008999999999999675e-01 2.453701794108439221e-02
-7.007999999999999785e-01 2.449963277722140564e-02
-7.006999999999999895e-01 2.446626439118423230e-02
-7.006000000000000005e-01 2.442979347172423432e-02
-7.004999999999999005e-01 2.437324921667000099e-02
-7.003999999999999115e-01 2.433385790975646848e-02
-7.002999999999999226e-01 2.426727181395976762e-02
-7.001999999999999336e-01 2.421501030216519426e-02
-7.000999999999999446e-01 2.416689307437969864e-02
-6.999999999999999556e-01 2.412560968395552341e-02
