    0     3.287700
    1     3.454660
    2     3.616320
    3     3.765150
    4     3.899820
    5     4.021030
    6     4.130080
    7     4.228280
    8     4.316800
    9     4.396670
   10     4.468740
   11     4.533700
   12     4.592180
   13     4.644650
   14     4.691540
   15     4.733200
   16     4.769920
   17     4.801960
   18     4.829510
   19     4.852750
   20     4.871810
   21     4.886800
   22     4.897810
   23     4.904890
   24     4.908090
   25     4.907430
   26     4.902900
   27     4.894470
   28     4.882110
   29     4.865730
   30     4.845260
   31     4.820560
   32     4.791490
   33     4.757870
   34     4.719490
   35     4.676070
   36     4.627300
   37     4.572820
   38     4.512180
   39     4.444850
   40     4.370200
   41     4.287460
   42     4.195750
   43     4.093970
   44     3.980900
   45     3.855200
   46     3.715700
   47     3.562120
   48     3.397280
