# Cycle: 199992, status: ACC, move: ('sh', 0.360649872, 36, 10)
#     Time      Potential        Kinetic
         0      -0.461456       0.281063            nan            nan
         1      -0.433994       0.283198            nan            nan
         2      -0.406170       0.271010            nan            nan
         3      -0.379458       0.249870            nan            nan
         4      -0.354110       0.249489            nan            nan
         5      -0.330611       0.212733            nan            nan
         6      -0.308977       0.186593            nan            nan
         7      -0.288714       0.165465            nan            nan
         8      -0.271235       0.116255            nan            nan
         9      -0.256347       0.094064            nan            nan
        10      -0.243219       0.074244            nan            nan
        11      -0.231318       0.072822            nan            nan
        12      -0.220155       0.059659            nan            nan
        13      -0.209576       0.073458            nan            nan
        14      -0.198737       0.058749            nan            nan
        15      -0.189162       0.045953            nan            nan
        16      -0.181616       0.029989            nan            nan
        17      -0.175048       0.021780            nan            nan
        18      -0.169706       0.014421            nan            nan
