# Cycle: 199992, status: ACC, move: ('sh', 0.360649872, 36, 10)
#     Time       Orderp
         0     0.515892
         1     0.497661
         2     0.478954
         3     0.460712
         4     0.443088
         5     0.426424
         6     0.410758
         7     0.395756
         8     0.382521
         9     0.371008
        10     0.360650
        11     0.351077
        12     0.341924
        13     0.333080
        14     0.323832
        15     0.315491
        16     0.308795
        17     0.302871
        18     0.297985
