# Cycle: 95, status: ACC, move: ('wf', 9000, 2, 237)
#     Time      Potential        Kinetic
         0     -24.080692      24.883095            nan            nan
         1     -24.417192      25.224924            nan            nan
         2     -21.463694      22.273623            nan            nan
         3     -18.126755      18.937271            nan            nan
         4     -15.231138      16.041784            nan            nan
         5     -12.886179      13.696813            nan            nan
         6     -11.017550      11.828132            nan            nan
         7      -9.525034      10.335564            nan            nan
         8      -8.322023       9.132535            nan            nan
         9      -7.341334       8.151808            nan            nan
        10      -6.532431       7.342881            nan            nan
        11      -5.857642       6.668088            nan            nan
        12      -5.288777       6.099213            nan            nan
        13      -4.804492       5.614943            nan            nan
        14      -4.388553       5.199007            nan            nan
        15      -4.028389       4.838838            nan            nan
        16      -3.714203       4.524634            nan            nan
        17      -3.438230       4.248668            nan            nan
        18      -3.194334       4.004771            nan            nan
        19      -2.977556       3.787985            nan            nan
        20      -2.783864       3.594282            nan            nan
        21      -2.609952       3.420366            nan            nan
        22      -2.453107       3.263517            nan            nan
        23      -2.311062       3.121475            nan            nan
        24      -2.181936       2.992346            nan            nan
        25      -2.064131       2.874537            nan            nan
        26      -1.956296       2.766696            nan            nan
        27      -1.857277       2.667671            nan            nan
        28      -1.766090       2.576479            nan            nan
        29      -1.681884       2.492268            nan            nan
        30      -1.603925       2.414306            nan            nan
        31      -1.531568       2.341952            nan            nan
        32      -1.464267       2.274652            nan            nan
        33      -1.401536       2.211918            nan            nan
        34      -1.342939       2.153320            nan            nan
        35      -1.288102       2.098482            nan            nan
        36      -1.236693       2.047067            nan            nan
        37      -1.188407       1.998779            nan            nan
        38      -1.142982       1.953352            nan            nan
        39      -1.100184       1.910552            nan            nan
        40      -1.059795       1.870166            nan            nan
        41      -1.021634       1.832003            nan            nan
        42      -0.985525       1.795894            nan            nan
        43      -0.951317       1.761682            nan            nan
        44      -0.918864       1.729229            nan            nan
        45      -0.888045       1.698408            nan            nan
        46      -0.858740       1.669104            nan            nan
        47      -0.830848       1.641211            nan            nan
        48      -0.804273       1.614635            nan            nan
        49      -0.778927       1.589288            nan            nan
        50      -0.754729       1.565090            nan            nan
        51      -0.731608       1.541969            nan            nan
        52      -0.709496       1.519857            nan            nan
        53      -0.688328       1.498691            nan            nan
        54      -0.668053       1.478416            nan            nan
        55      -0.648612       1.458978            nan            nan
        56      -0.629964       1.440329            nan            nan
        57      -0.612058       1.422424            nan            nan
        58      -0.594855       1.405221            nan            nan
        59      -0.578316       1.388681            nan            nan
        60      -0.562404       1.372769            nan            nan
        61      -0.547085       1.357451            nan            nan
        62      -0.532330       1.342697            nan            nan
        63      -0.518110       1.328477            nan            nan
        64      -0.504398       1.314763            nan            nan
        65      -0.491166       1.301532            nan            nan
        66      -0.478393       1.288758            nan            nan
        67      -0.466055       1.276421            nan            nan
        68      -0.454133       1.264499            nan            nan
        69      -0.442606       1.252973            nan            nan
        70      -0.431458       1.241824            nan            nan
        71      -0.420671       1.231036            nan            nan
        72      -0.410226       1.220593            nan            nan
        73      -0.400112       1.210478            nan            nan
        74      -0.390312       1.200679            nan            nan
        75      -0.380814       1.191181            nan            nan
        76      -0.371603       1.181971            nan            nan
        77      -0.362670       1.173038            nan            nan
        78      -0.354005       1.164369            nan            nan
        79      -0.345590       1.155955            nan            nan
        80      -0.337421       1.147786            nan            nan
        81      -0.329485       1.139850            nan            nan
        82      -0.321776       1.132141            nan            nan
        83      -0.314283       1.124648            nan            nan
        84      -0.306999       1.117363            nan            nan
        85      -0.299915       1.110280            nan            nan
        86      -0.293024       1.103389            nan            nan
        87      -0.286320       1.096685            nan            nan
        88      -0.279795       1.090160            nan            nan
        89      -0.273442       1.083808            nan            nan
        90      -0.267257       1.077623            nan            nan
        91      -0.261233       1.071599            nan            nan
        92      -0.255365       1.065730            nan            nan
        93      -0.249646       1.060011            nan            nan
        94      -0.244073       1.054438            nan            nan
        95      -0.238640       1.049005            nan            nan
        96      -0.233342       1.043708            nan            nan
        97      -0.228176       1.038542            nan            nan
        98      -0.223137       1.033503            nan            nan
        99      -0.218221       1.028587            nan            nan
       100      -0.213423       1.023790            nan            nan
       101      -0.208742       1.019108            nan            nan
       102      -0.204171       1.014538            nan            nan
       103      -0.199709       1.010076            nan            nan
       104      -0.195353       1.005720            nan            nan
       105      -0.191097       1.001465            nan            nan
       106      -0.186940       0.997309            nan            nan
       107      -0.182879       0.993249            nan            nan
       108      -0.178912       0.989281            nan            nan
       109      -0.175035       0.985404            nan            nan
       110      -0.171246       0.981615            nan            nan
       111      -0.167542       0.977912            nan            nan
       112      -0.163921       0.974291            nan            nan
       113      -0.160381       0.970751            nan            nan
       114      -0.156919       0.967289            nan            nan
       115      -0.153533       0.963903            nan            nan
       116      -0.150222       0.960592            nan            nan
       117      -0.146982       0.957352            nan            nan
       118      -0.143813       0.954183            nan            nan
       119      -0.140712       0.951081            nan            nan
       120      -0.137678       0.948047            nan            nan
       121      -0.134708       0.945078            nan            nan
       122      -0.131801       0.942171            nan            nan
       123      -0.128956       0.939326            nan            nan
       124      -0.126171       0.936540            nan            nan
       125      -0.123444       0.933813            nan            nan
       126      -0.120774       0.931143            nan            nan
       127      -0.118159       0.928528            nan            nan
       128      -0.115599       0.925968            nan            nan
       129      -0.113091       0.923460            nan            nan
       130      -0.110634       0.921003            nan            nan
       131      -0.108228       0.918597            nan            nan
       132      -0.105871       0.916240            nan            nan
       133      -0.103561       0.913930            nan            nan
       134      -0.101298       0.911667            nan            nan
       135      -0.099081       0.909450            nan            nan
       136      -0.096908       0.907277            nan            nan
       137      -0.094778       0.905147            nan            nan
       138      -0.092691       0.903060            nan            nan
       139      -0.090645       0.901014            nan            nan
       140      -0.088640       0.899009            nan            nan
       141      -0.086674       0.897043            nan            nan
       142      -0.084747       0.895115            nan            nan
       143      -0.082857       0.893226            nan            nan
       144      -0.081004       0.891373            nan            nan
       145      -0.079188       0.889557            nan            nan
       146      -0.077406       0.887775            nan            nan
       147      -0.075659       0.886028            nan            nan
       148      -0.073945       0.884315            nan            nan
       149      -0.072265       0.882634            nan            nan
       150      -0.070617       0.880986            nan            nan
       151      -0.069000       0.879369            nan            nan
       152      -0.067414       0.877783            nan            nan
       153      -0.065858       0.876227            nan            nan
       154      -0.064331       0.874701            nan            nan
       155      -0.062834       0.873203            nan            nan
       156      -0.061364       0.871734            nan            nan
       157      -0.059923       0.870292            nan            nan
       158      -0.058508       0.868877            nan            nan
       159      -0.057120       0.867489            nan            nan
       160      -0.055757       0.866127            nan            nan
       161      -0.054420       0.864790            nan            nan
       162      -0.053108       0.863478            nan            nan
       163      -0.051820       0.862189            nan            nan
       164      -0.050556       0.860925            nan            nan
       165      -0.049315       0.859685            nan            nan
       166      -0.048097       0.858467            nan            nan
       167      -0.046902       0.857271            nan            nan
       168      -0.045728       0.856097            nan            nan
       169      -0.044576       0.854945            nan            nan
       170      -0.043444       0.853814            nan            nan
       171      -0.042334       0.852703            nan            nan
       172      -0.041243       0.851612            nan            nan
       173      -0.040172       0.850541            nan            nan
       174      -0.039121       0.849490            nan            nan
       175      -0.038089       0.848458            nan            nan
       176      -0.037075       0.847444            nan            nan
       177      -0.036079       0.846448            nan            nan
       178      -0.035101       0.845470            nan            nan
       179      -0.034141       0.844510            nan            nan
       180      -0.033198       0.843567            nan            nan
       181      -0.032272       0.842641            nan            nan
       182      -0.031362       0.841731            nan            nan
       183      -0.030468       0.840837            nan            nan
       184      -0.029590       0.839959            nan            nan
       185      -0.028728       0.839097            nan            nan
       186      -0.027881       0.838250            nan            nan
       187      -0.027049       0.837418            nan            nan
       188      -0.026231       0.836601            nan            nan
       189      -0.025428       0.835797            nan            nan
       190      -0.024639       0.835008            nan            nan
       191      -0.023864       0.834233            nan            nan
       192      -0.023102       0.833471            nan            nan
       193      -0.022354       0.832723            nan            nan
       194      -0.021618       0.831988            nan            nan
       195      -0.020896       0.831265            nan            nan
       196      -0.020186       0.830555            nan            nan
       197      -0.019488       0.829857            nan            nan
       198      -0.018802       0.829171            nan            nan
       199      -0.018128       0.828497            nan            nan
       200      -0.017466       0.827835            nan            nan
       201      -0.016815       0.827184            nan            nan
       202      -0.016176       0.826544            nan            nan
       203      -0.015547       0.825916            nan            nan
       204      -0.014929       0.825298            nan            nan
       205      -0.014322       0.824691            nan            nan
       206      -0.013725       0.824094            nan            nan
       207      -0.013138       0.823507            nan            nan
       208      -0.012561       0.822930            nan            nan
       209      -0.011994       0.822362            nan            nan
       210      -0.011436       0.821805            nan            nan
       211      -0.010888       0.821257            nan            nan
       212      -0.010350       0.820718            nan            nan
       213      -0.009820       0.820189            nan            nan
       214      -0.009299       0.819668            nan            nan
       215      -0.008787       0.819156            nan            nan
       216      -0.008284       0.818652            nan            nan
       217      -0.007789       0.818157            nan            nan
       218      -0.007302       0.817671            nan            nan
       219      -0.006824       0.817192            nan            nan
       220      -0.006353       0.816721            nan            nan
       221      -0.005891       0.816259            nan            nan
       222      -0.005435       0.815804            nan            nan
       223      -0.004988       0.815356            nan            nan
       224      -0.004548       0.814916            nan            nan
       225      -0.004115       0.814484            nan            nan
       226      -0.003690       0.814058            nan            nan
       227      -0.003271       0.813640            nan            nan
       228      -0.002860       0.813228            nan            nan
       229      -0.002455       0.812823            nan            nan
       230      -0.002057       0.812425            nan            nan
       231      -0.001665       0.812033            nan            nan
       232      -0.001280       0.811648            nan            nan
       233      -0.000901       0.811269            nan            nan
       234      -0.000528       0.810897            nan            nan
       235      -0.000162       0.810530            nan            nan
       236       0.000000       0.810367            nan            nan
