# Cycle: 33, status: ACC, move: ('wf', 9000, 2, 14)
#     Time      Potential        Kinetic
         0     -24.973265       4.706679            nan            nan
         1     -24.481281       4.215154            nan            nan
         2     -23.514166       3.248330            nan            nan
         3     -22.483812       2.218081            nan            nan
         4     -21.611282       1.345638            nan            nan
         5     -20.995382       0.729729            nan            nan
         6     -20.673708       0.408124            nan            nan
         7     -20.658176       0.392525            nan            nan
         8     -20.949062       0.683378            nan            nan
         9     -21.536217       1.270530            nan            nan
        10     -22.385817       2.120034            nan            nan
        11     -23.407597       3.141696            nan            nan
        12     -24.396317       4.130158            nan            nan
        13     -24.960915       4.694333            nan            nan
