# Cycle: 42, status: ACC, move: ('wf', 9000, 3, 22)
#     Time      Potential        Kinetic
         0     -24.951646      24.183133            nan            nan
         1     -23.694033      22.696338            nan            nan
         2     -21.615530      20.722104            nan            nan
         3     -19.545998      18.507015            nan            nan
         4     -17.775636      16.230590            nan            nan
         5     -16.366673      14.709337            nan            nan
         6     -15.255770      13.751941            nan            nan
         7     -14.428924      12.850809            nan            nan
         8     -13.878394      12.246044            nan            nan
         9     -13.556699      11.925390            nan            nan
        10     -13.412999      11.868235            nan            nan
        11     -13.460888      11.830538            nan            nan
        12     -13.700027      12.022263            nan            nan
        13     -14.152352      12.275849            nan            nan
        14     -14.820766      12.685408            nan            nan
        15     -15.770691      13.644419            nan            nan
        16     -17.021299      14.944980            nan            nan
        17     -18.585670      16.460781            nan            nan
        18     -20.486395      18.242343            nan            nan
        19     -22.591006      20.552938            nan            nan
        20     -24.441152      22.741989            nan            nan
        21     -24.825440      23.318204            nan            nan
