# Cycle: 42, status: ACC, move: ('wf', 9000, 3, 22)
#     Time       Orderp
         0     0.338508
         1     0.351459
         2     0.363369
         3     0.373858
         4     0.382803
         5     0.390184
         6     0.396283
         7     0.401034
         8     0.404317
         9     0.406286
        10     0.407179
        11     0.406881
        12     0.405404
        13     0.402670
        14     0.398757
        15     0.393419
        16     0.386714
        17     0.378682
        18     0.369140
        19     0.358121
        20     0.345728
        21     0.332575
