# Ensemble: [1^+], detect: -0.7
-8.000000000000000444e-01 1.000000000000000000e+00
-7.999000000000000554e-01 1.000000000000000000e+00
-7.998000000000000664e-01 9.984653283664849388e-01
-7.997000000000000774e-01 9.966516255268762503e-01
-7.996000000000000885e-01 9.953494798984394709e-01
-7.995000000000000995e-01 9.945821440816816628e-01
-7.993999999999999995e-01 9.941635972725412218e-01
-7.993000000000000105e-01 9.931544344105022182e-01
-7.992000000000000215e-01 9.904106275505807355e-01
-7.991000000000000325e-01 9.897828073368702961e-01
-7.990000000000000435e-01 9.888294507160501068e-01
-7.989000000000000545e-01 9.865972010673005332e-01
-7.988000000000000655e-01 9.847602456271833393e-01
-7.987000000000000766e-01 9.835511104007781391e-01
-7.986000000000000876e-01 9.826721621015828134e-01
-7.984999999999999876e-01 9.805236218146622384e-01
-7.983999999999999986e-01 9.784959950503825388e-01
-7.983000000000000096e-01 9.759023335537405641e-01
-7.982000000000000206e-01 9.745025270031710818e-01
-7.981000000000000316e-01 9.726130871219083041e-01
-7.980000000000000426e-01 9.716178758201744481e-01
-7.979000000000000536e-01 9.700320484655426956e-01
-7.978000000000000647e-01 9.694553839729488365e-01
-7.977000000000000757e-01 9.680951068432430695e-01
-7.976000000000000867e-01 9.668906221369385490e-01
-7.975000000000000977e-01 9.649615421081436661e-01
-7.973999999999999977e-01 9.638102062030002859e-01
-7.973000000000000087e-01 9.611378180446398245e-01
-7.972000000000000197e-01 9.604495410696095581e-01
-7.971000000000000307e-01 9.587886410333382736e-01
-7.970000000000000417e-01 9.566327927862583458e-01
-7.969000000000000528e-01 9.540628066646794636e-01
-7.968000000000000638e-01 9.531696853518406565e-01
-7.967000000000000748e-01 9.524963363450144049e-01
-7.966000000000000858e-01 9.506069769922385060e-01
-7.964999999999999858e-01 9.487479869449747527e-01
-7.963999999999999968e-01 9.471593488364351554e-01
-7.963000000000000078e-01 9.452938259156946632e-01
-7.962000000000000188e-01 9.430908081075836114e-01
-7.961000000000000298e-01 9.420879566656834569e-01
-7.960000000000000409e-01 9.407180463157661654e-01
-7.959000000000000519e-01 9.389021289427764705e-01
-7.958000000000000629e-01 9.377812428716311155e-01
-7.957000000000000739e-01 9.364289380620983705e-01
-7.956000000000000849e-01 9.352677474834067972e-01
-7.955000000000000959e-01 9.326788472335351132e-01
-7.953999999999999959e-01 9.308471640863541507e-01
-7.953000000000000069e-01 9.289467622648527323e-01
-7.952000000000000179e-01 9.276238170575004105e-01
-7.951000000000000290e-01 9.255215605182567362e-01
-7.950000000000000400e-01 9.240440238459898259e-01
-7.949000000000000510e-01 9.229076701109165670e-01
-7.948000000000000620e-01 9.215931230955419773e-01
-7.947000000000000730e-01 9.205583823729447390e-01
-7.946000000000000840e-01 9.191474729572842728e-01
-7.944999999999999840e-01 9.171535411701503548e-01
-7.943999999999999950e-01 9.149540418374544348e-01
-7.943000000000000060e-01 9.142378617418138731e-01
-7.942000000000000171e-01 9.122632134299725193e-01
-7.941000000000000281e-01 9.103120914380621320e-01
-7.940000000000000391e-01 9.089323264145965364e-01
-7.939000000000000501e-01 9.076100285323855932e-01
-7.938000000000000611e-01 9.061573016028049432e-01
-7.937000000000000721e-01 9.049876911513893285e-01
-7.936000000000000831e-01 9.031370056043062089e-01
-7.935000000000000941e-01 9.021324901651197603e-01
-7.933999999999999941e-01 9.011585081856685608e-01
-7.933000000000000052e-01 8.997766292894299189e-01
-7.932000000000000162e-01 8.981904937584738180e-01
-7.931000000000000272e-01 8.971381544643041162e-01
-7.930000000000000382e-01 8.950230033011430386e-01
-7.929000000000000492e-01 8.937606658460235387e-01
-7.928000000000000602e-01 8.930851519073554901e-01
-7.927000000000000712e-01 8.916981795843386127e-01
-7.926000000000000822e-01 8.905669130815450085e-01
-7.924999999999999822e-01 8.891240036585184026e-01
-7.923999999999999932e-01 8.883197153324685624e-01
-7.923000000000000043e-01 8.867397692674522380e-01
-7.922000000000000153e-01 8.852000181447823302e-01
-7.921000000000000263e-01 8.840856045507485828e-01
-7.920000000000000373e-01 8.823766514630306812e-01
-7.919000000000000483e-01 8.809964234007672257e-01
-7.918000000000000593e-01 8.794315032544699484e-01
-7.917000000000000703e-01 8.781625957588808928e-01
-7.916000000000000814e-01 8.763139241982749184e-01
-7.915000000000000924e-01 8.750055487257857312e-01
-7.913999999999999924e-01 8.732285413237621530e-01
-7.913000000000000034e-01 8.716783578905147323e-01
-7.912000000000000144e-01 8.702901714456995341e-01
-7.911000000000000254e-01 8.682028901077157856e-01
-7.910000000000000364e-01 8.666522939659740965e-01
-7.909000000000000474e-01 8.653881515887169584e-01
-7.908000000000000584e-01 8.642641912697193174e-01
-7.907000000000000695e-01 8.631272146003443613e-01
-7.906000000000000805e-01 8.616182756898623785e-01
-7.904999999999999805e-01 8.598743615104027516e-01
-7.903999999999999915e-01 8.584697243102218378e-01
-7.903000000000000025e-01 8.574656672639592303e-01
-7.902000000000000135e-01 8.559097477246658814e-01
-7.901000000000000245e-01 8.540130401474868016e-01
-7.900000000000000355e-01 8.524277850096966258e-01
-7.899000000000000465e-01 8.511740671998928587e-01
-7.898000000000000576e-01 8.498532350910011912e-01
-7.897000000000000686e-01 8.486410800463476400e-01
-7.896000000000000796e-01 8.466743243005068198e-01
-7.895000000000000906e-01 8.447633972509426270e-01
-7.893999999999999906e-01 8.429967648603805541e-01
-7.893000000000000016e-01 8.412971510730070657e-01
-7.892000000000000126e-01 8.400055403515368502e-01
-7.891000000000000236e-01 8.389074157391169795e-01
-7.890000000000000346e-01 8.379507231360819874e-01
-7.889000000000000457e-01 8.364294161340941614e-01
-7.888000000000000567e-01 8.352464766695198994e-01
-7.887000000000000677e-01 8.340183924707660346e-01
-7.886000000000000787e-01 8.328277509665826805e-01
-7.884999999999999787e-01 8.311867801821223312e-01
-7.883999999999999897e-01 8.296646326640559899e-01
-7.883000000000000007e-01 8.281905664598373518e-01
-7.882000000000000117e-01 8.272844889652483102e-01
-7.881000000000000227e-01 8.258884995469301105e-01
-7.880000000000000338e-01 8.246003554219467624e-01
-7.879000000000000448e-01 8.233116348214026825e-01
-7.878000000000000558e-01 8.217942267554910751e-01
-7.877000000000000668e-01 8.205970298772253813e-01
-7.876000000000000778e-01 8.190094445662180478e-01
-7.875000000000000888e-01 8.174942739897732569e-01
-7.873999999999999888e-01 8.162717505153134212e-01
-7.872999999999999998e-01 8.149207101578834767e-01
-7.872000000000000108e-01 8.140774417855988210e-01
-7.871000000000000218e-01 8.126776878882707722e-01
-7.870000000000000329e-01 8.118440322169182544e-01
-7.869000000000000439e-01 8.107504017135013230e-01
-7.868000000000000549e-01 8.093999045362000322e-01
-7.867000000000000659e-01 8.082190301627192319e-01
-7.866000000000000769e-01 8.070960345230665522e-01
-7.864999999999999769e-01 8.062045435249267644e-01
-7.863999999999999879e-01 8.050209211168409817e-01
-7.862999999999999989e-01 8.034069614858906361e-01
-7.862000000000000099e-01 8.021791903598474160e-01
-7.861000000000000210e-01 8.008647943929196877e-01
-7.860000000000000320e-01 7.999192846536703483e-01
-7.859000000000000430e-01 7.984656283334915505e-01
-7.858000000000000540e-01 7.969702301422803004e-01
-7.857000000000000650e-01 7.948540897950649997e-01
-7.856000000000000760e-01 7.935565914875971627e-01
-7.855000000000000870e-01 7.921453014974069173e-01
-7.853999999999999870e-01 7.906242773927220080e-01
-7.852999999999999980e-01 7.891156717218325012e-01
-7.852000000000000091e-01 7.871069226931628471e-01
-7.851000000000000201e-01 7.853733998995943155e-01
-7.850000000000000311e-01 7.834757564975944888e-01
-7.849000000000000421e-01 7.822509020012893277e-01
-7.848000000000000531e-01 7.809741596259712759e-01
-7.847000000000000641e-01 7.795684760445037442e-01
-7.846000000000000751e-01 7.783167597878311028e-01
-7.844999999999999751e-01 7.763055113243736427e-01
-7.843999999999999861e-01 7.750568376586434161e-01
-7.842999999999999972e-01 7.735130891483572579e-01
-7.842000000000000082e-01 7.720630365007274953e-01
-7.841000000000000192e-01 7.706247962723949962e-01
-7.840000000000000302e-01 7.690955039703124552e-01
-7.839000000000000412e-01 7.676366596889249161e-01
-7.838000000000000522e-01 7.664165845901824703e-01
-7.837000000000000632e-01 7.648807835333766292e-01
-7.836000000000000743e-01 7.636750509088160443e-01
-7.835000000000000853e-01 7.623563500947269089e-01
-7.833999999999999853e-01 7.614528041005659276e-01
-7.832999999999999963e-01 7.603597263195381872e-01
-7.832000000000000073e-01 7.591261235965145460e-01
-7.831000000000000183e-01 7.576755612859336075e-01
-7.830000000000000293e-01 7.561971525341700806e-01
-7.829000000000000403e-01 7.548294250540018568e-01
-7.828000000000000513e-01 7.540947950758840612e-01
-7.827000000000000624e-01 7.519574364061778482e-01
-7.826000000000000734e-01 7.507679880154752849e-01
-7.824999999999999734e-01 7.493006694880935958e-01
-7.823999999999999844e-01 7.478530179483677820e-01
-7.822999999999999954e-01 7.468039861546623692e-01
-7.822000000000000064e-01 7.455000592002390958e-01
-7.821000000000000174e-01 7.440802650739184454e-01
-7.820000000000000284e-01 7.427074882088151586e-01
-7.819000000000000394e-01 7.415956376576510189e-01
-7.818000000000000504e-01 7.397751609284540786e-01
-7.817000000000000615e-01 7.384993363638094888e-01
-7.816000000000000725e-01 7.376005493677970648e-01
-7.815000000000000835e-01 7.365264167055366462e-01
-7.813999999999999835e-01 7.347366191949836756e-01
-7.812999999999999945e-01 7.331312253826539616e-01
-7.812000000000000055e-01 7.317890346868626272e-01
-7.811000000000000165e-01 7.303596286507557656e-01
-7.810000000000000275e-01 7.288783119736763627e-01
-7.809000000000000385e-01 7.278135233990710162e-01
-7.808000000000000496e-01 7.262286038921325071e-01
-7.807000000000000606e-01 7.251822251814799003e-01
-7.806000000000000716e-01 7.237398546115425546e-01
-7.804999999999999716e-01 7.225510586413407266e-01
-7.803999999999999826e-01 7.210865282665753773e-01
-7.802999999999999936e-01 7.200792028765611308e-01
-7.802000000000000046e-01 7.186067884640190417e-01
-7.801000000000000156e-01 7.177476982709920517e-01
-7.800000000000000266e-01 7.159965644329490120e-01
-7.799000000000000377e-01 7.149566519929225761e-01
-7.798000000000000487e-01 7.136161469583830463e-01
-7.797000000000000597e-01 7.126941443406723531e-01
-7.796000000000000707e-01 7.112929385740862642e-01
-7.795000000000000817e-01 7.099874728763930776e-01
-7.793999999999999817e-01 7.091710804430217951e-01
-7.792999999999999927e-01 7.076672539220596470e-01
-7.792000000000000037e-01 7.068054591985566404e-01
-7.791000000000000147e-01 7.057315221460596089e-01
-7.790000000000000258e-01 7.046198273925323718e-01
-7.789000000000000368e-01 7.032644885957950454e-01
-7.788000000000000478e-01 7.021615236532608995e-01
-7.787000000000000588e-01 7.012221799635938169e-01
-7.786000000000000698e-01 7.001218970705077593e-01
-7.784999999999999698e-01 6.985777348952239008e-01
-7.783999999999999808e-01 6.972323647361934329e-01
-7.782999999999999918e-01 6.964404577069128743e-01
-7.782000000000000028e-01 6.953651253039682123e-01
-7.781000000000000139e-01 6.944981118577192580e-01
-7.780000000000000249e-01 6.934946153057376383e-01
-7.779000000000000359e-01 6.926014597669698514e-01
-7.778000000000000469e-01 6.914847107964822159e-01
-7.777000000000000579e-01 6.900458292289461948e-01
-7.776000000000000689e-01 6.885124755797662477e-01
-7.775000000000000799e-01 6.876248460980384225e-01
-7.773999999999999799e-01 6.864281818140527403e-01
-7.772999999999999909e-01 6.852965493400055008e-01
-7.772000000000000020e-01 6.841045777098050396e-01
-7.771000000000000130e-01 6.826714584402094887e-01
-7.770000000000000240e-01 6.810999411872700193e-01
-7.769000000000000350e-01 6.799843848687919801e-01
-7.768000000000000460e-01 6.791022861624895768e-01
-7.767000000000000570e-01 6.780937938441771173e-01
-7.766000000000000680e-01 6.769203209568781521e-01
-7.764999999999999680e-01 6.754314012982349791e-01
-7.763999999999999790e-01 6.737056997775914269e-01
-7.762999999999999901e-01 6.727683738944224556e-01
-7.762000000000000011e-01 6.715680533849139877e-01
-7.761000000000000121e-01 6.705148096147852677e-01
-7.760000000000000231e-01 6.694681729995886066e-01
-7.759000000000000341e-01 6.685157268910081330e-01
-7.758000000000000451e-01 6.671585518736469211e-01
-7.757000000000000561e-01 6.656643677670767145e-01
-7.756000000000000671e-01 6.644041668775331200e-01
-7.755000000000000782e-01 6.630270763142500634e-01
-7.753999999999999782e-01 6.619214655131820946e-01
-7.752999999999999892e-01 6.609280620570336939e-01
-7.752000000000000002e-01 6.592357176484465731e-01
-7.751000000000000112e-01 6.581688909266599774e-01
-7.750000000000000222e-01 6.570929915796283050e-01
-7.749000000000000332e-01 6.560422627593001099e-01
-7.748000000000000442e-01 6.544456089259436116e-01
-7.747000000000000552e-01 6.534823448656631451e-01
-7.746000000000000663e-01 6.520617873339873416e-01
-7.744999999999999662e-01 6.512085822865559814e-01
-7.743999999999999773e-01 6.501211571908033227e-01
-7.742999999999999883e-01 6.491195774511799854e-01
-7.741999999999999993e-01 6.478660008682826099e-01
-7.741000000000000103e-01 6.465524196206055008e-01
-7.740000000000000213e-01 6.454586208592871799e-01
-7.739000000000000323e-01 6.440063567166768310e-01
-7.738000000000000433e-01 6.430542989952706678e-01
-7.737000000000000544e-01 6.417861721683657539e-01
-7.736000000000000654e-01 6.407043537833904123e-01
-7.735000000000000764e-01 6.394760267814245669e-01
-7.733999999999999764e-01 6.386478693272205076e-01
-7.732999999999999874e-01 6.376175471705614051e-01
-7.731999999999999984e-01 6.360652757778747501e-01
-7.731000000000000094e-01 6.345945350870717538e-01
-7.730000000000000204e-01 6.334708805039954704e-01
-7.729000000000000314e-01 6.321700669269859629e-01
-7.728000000000000425e-01 6.310877364209183105e-01
-7.727000000000000535e-01 6.298287051715074636e-01
-7.726000000000000645e-01 6.290434843055795477e-01
-7.724999999999999645e-01 6.275737919873966009e-01
-7.723999999999999755e-01 6.265821825362208886e-01
-7.722999999999999865e-01 6.253384587754103885e-01
-7.721999999999999975e-01 6.242016947387367676e-01
-7.721000000000000085e-01 6.228618950075205385e-01
-7.720000000000000195e-01 6.219296227316291059e-01
-7.719000000000000306e-01 6.212010910639989003e-01
-7.718000000000000416e-01 6.202812679042787325e-01
-7.717000000000000526e-01 6.189755399124027280e-01
-7.716000000000000636e-01 6.180394625796205021e-01
-7.715000000000000746e-01 6.170634798581950964e-01
-7.713999999999999746e-01 6.156515538171377644e-01
-7.712999999999999856e-01 6.143727993362256834e-01
-7.711999999999999966e-01 6.133909821474226032e-01
-7.711000000000000076e-01 6.122596783764707729e-01
-7.710000000000000187e-01 6.108179680319870686e-01
-7.709000000000000297e-01 6.093686736818879623e-01
-7.708000000000000407e-01 6.083376426922576519e-01
-7.707000000000000517e-01 6.069697162569084314e-01
-7.706000000000000627e-01 6.062093383547830783e-01
-7.704999999999999627e-01 6.049361129198576048e-01
-7.703999999999999737e-01 6.037726107379459695e-01
-7.702999999999999847e-01 6.026417908868046958e-01
-7.701999999999999957e-01 6.013673608351852717e-01
-7.701000000000000068e-01 6.001620147119617332e-01
-7.700000000000000178e-01 5.988261545927484608e-01
-7.699000000000000288e-01 5.978823158587852626e-01
-7.698000000000000398e-01 5.970672227227715734e-01
-7.697000000000000508e-01 5.957723319994011613e-01
-7.696000000000000618e-01 5.944452362336359874e-01
-7.695000000000000728e-01 5.931154034688058685e-01
-7.693999999999999728e-01 5.922756034897468380e-01
-7.692999999999999838e-01 5.912652056742079276e-01
-7.691999999999999948e-01 5.899647510529463235e-01
-7.691000000000000059e-01 5.886940851510160666e-01
-7.690000000000000169e-01 5.875313101326378185e-01
-7.689000000000000279e-01 5.866192129586752513e-01
-7.688000000000000389e-01 5.856206543675461784e-01
-7.687000000000000499e-01 5.845296328958015097e-01
-7.686000000000000609e-01 5.834627056351873176e-01
-7.684999999999999609e-01 5.826176088414628529e-01
-7.683999999999999719e-01 5.815829882700185305e-01
-7.682999999999999829e-01 5.809067613986342860e-01
-7.681999999999999940e-01 5.795777356708428085e-01
-7.681000000000000050e-01 5.784163746120494221e-01
-7.680000000000000160e-01 5.771980199579025417e-01
-7.679000000000000270e-01 5.763739259248176205e-01
-7.678000000000000380e-01 5.755648953982168692e-01
-7.677000000000000490e-01 5.747153970572226322e-01
-7.676000000000000600e-01 5.736944235573988582e-01
-7.675000000000000711e-01 5.724018842137534868e-01
-7.673999999999999710e-01 5.716068131894999071e-01
-7.672999999999999821e-01 5.706394643804588718e-01
-7.671999999999999931e-01 5.697200239673563260e-01
-7.671000000000000041e-01 5.687672472304995397e-01
-7.670000000000000151e-01 5.674690877310901715e-01
-7.669000000000000261e-01 5.665548997749769722e-01
-7.668000000000000371e-01 5.657611284385209993e-01
-7.667000000000000481e-01 5.649425947841616447e-01
-7.666000000000000592e-01 5.639720381900900081e-01
-7.664999999999999591e-01 5.624134027304031891e-01
-7.663999999999999702e-01 5.615039878193127665e-01
-7.662999999999999812e-01 5.604718965400627972e-01
-7.661999999999999922e-01 5.594184773082107043e-01
-7.661000000000000032e-01 5.585674476498407870e-01
-7.660000000000000142e-01 5.574560793069172071e-01
-7.659000000000000252e-01 5.566909838124306509e-01
-7.658000000000000362e-01 5.558572420428162797e-01
-7.657000000000000473e-01 5.547313621765779246e-01
-7.656000000000000583e-01 5.536892984191200684e-01
-7.655000000000000693e-01 5.526723611097289490e-01
-7.653999999999999693e-01 5.516085437601651043e-01
-7.652999999999999803e-01 5.507642781291000045e-01
-7.651999999999999913e-01 5.496993353433956564e-01
-7.651000000000000023e-01 5.486480791851784389e-01
-7.650000000000000133e-01 5.479215914650675812e-01
-7.649000000000000243e-01 5.469350416319934682e-01
-7.648000000000000353e-01 5.460490337451361365e-01
-7.647000000000000464e-01 5.448034680281177433e-01
-7.646000000000000574e-01 5.437459853347753613e-01
-7.644999999999999574e-01 5.424546401960907982e-01
-7.643999999999999684e-01 5.414584149179235695e-01
-7.642999999999999794e-01 5.404744618236747566e-01
-7.641999999999999904e-01 5.396390055892749116e-01
-7.641000000000000014e-01 5.390405948945740100e-01
-7.640000000000000124e-01 5.381443162886991871e-01
-7.639000000000000234e-01 5.372450004200611806e-01
-7.638000000000000345e-01 5.362058306124087848e-01
-7.637000000000000455e-01 5.353653055269719241e-01
-7.636000000000000565e-01 5.340396531226465626e-01
-7.635000000000000675e-01 5.332259279065771906e-01
-7.633999999999999675e-01 5.321973501727412792e-01
-7.632999999999999785e-01 5.315306791192536684e-01
-7.631999999999999895e-01 5.305535220387790352e-01
-7.631000000000000005e-01 5.293372573050230123e-01
-7.630000000000000115e-01 5.279138384536591344e-01
-7.629000000000000226e-01 5.270582200811991802e-01
-7.628000000000000336e-01 5.260052294100518999e-01
-7.627000000000000446e-01 5.251708821612247613e-01
-7.626000000000000556e-01 5.241760981826749655e-01
-7.624999999999999556e-01 5.233979441286672474e-01
-7.623999999999999666e-01 5.226837698313159253e-01
-7.622999999999999776e-01 5.221422132849365960e-01
-7.621999999999999886e-01 5.213683972617864093e-01
-7.620999999999999996e-01 5.204696725822649528e-01
-7.620000000000000107e-01 5.195439061069644371e-01
-7.619000000000000217e-01 5.188277281636917149e-01
-7.618000000000000327e-01 5.177369232782075281e-01
-7.617000000000000437e-01 5.168479516400268370e-01
-7.616000000000000547e-01 5.158549409863645296e-01
-7.615000000000000657e-01 5.144804212354844308e-01
-7.613999999999999657e-01 5.134789564118222849e-01
-7.612999999999999767e-01 5.126081780581751568e-01
-7.611999999999999877e-01 5.115168782756205346e-01
-7.610999999999999988e-01 5.105875636244894267e-01
-7.610000000000000098e-01 5.098894627310890382e-01
-7.609000000000000208e-01 5.087215509530721436e-01
-7.608000000000000318e-01 5.075317937500964938e-01
-7.607000000000000428e-01 5.065025985700216671e-01
-7.606000000000000538e-01 5.054908212013436986e-01
-7.604999999999999538e-01 5.046391302965104186e-01
-7.603999999999999648e-01 5.036896951126824673e-01
-7.602999999999999758e-01 5.029288617570663034e-01
-7.601999999999999869e-01 5.020396389017713901e-01
-7.600999999999999979e-01 5.009177515028655492e-01
-7.600000000000000089e-01 5.000823371401984518e-01
-7.599000000000000199e-01 4.992991569162141818e-01
-7.598000000000000309e-01 4.983233595949035366e-01
-7.597000000000000419e-01 4.974660135245648207e-01
-7.596000000000000529e-01 4.967413112706095535e-01
-7.595000000000000639e-01 4.955766411347061196e-01
-7.593999999999999639e-01 4.946002016874963547e-01
-7.592999999999999750e-01 4.937378517169325742e-01
-7.591999999999999860e-01 4.928840683205927831e-01
-7.590999999999999970e-01 4.915689741845085670e-01
-7.590000000000000080e-01 4.905646552290164331e-01
-7.589000000000000190e-01 4.895485700258477846e-01
-7.588000000000000300e-01 4.884279001772755535e-01
-7.587000000000000410e-01 4.875949638798847130e-01
-7.586000000000000520e-01 4.867674932100381491e-01
-7.584999999999999520e-01 4.857070284055947096e-01
-7.583999999999999631e-01 4.848939697132664817e-01
-7.582999999999999741e-01 4.839947518464497445e-01
-7.581999999999999851e-01 4.830449390092644291e-01
-7.580999999999999961e-01 4.822262990488203616e-01
-7.580000000000000071e-01 4.812659094282939476e-01
-7.579000000000000181e-01 4.801073356001542836e-01
-7.578000000000000291e-01 4.792334477870712761e-01
-7.577000000000000401e-01 4.783299332334288723e-01
-7.576000000000000512e-01 4.778197410538154721e-01
-7.575000000000000622e-01 4.765384521132697837e-01
-7.573999999999999622e-01 4.760404378345015619e-01
-7.572999999999999732e-01 4.749964620622619260e-01
-7.571999999999999842e-01 4.740769350288693285e-01
-7.570999999999999952e-01 4.731615044781821156e-01
-7.570000000000000062e-01 4.720127881764156208e-01
-7.569000000000000172e-01 4.710568778801498269e-01
-7.568000000000000282e-01 4.701264154779017934e-01
-7.567000000000000393e-01 4.694522560810637790e-01
-7.566000000000000503e-01 4.688601193818651147e-01
-7.564999999999999503e-01 4.680640875162672687e-01
-7.563999999999999613e-01 4.673492203631550712e-01
-7.562999999999999723e-01 4.666755320420795661e-01
-7.561999999999999833e-01 4.656848175211726337e-01
-7.560999999999999943e-01 4.646124112129900174e-01
-7.560000000000000053e-01 4.638632954939522768e-01
-7.559000000000000163e-01 4.629664148983951288e-01
-7.558000000000000274e-01 4.620921170011765278e-01
-7.557000000000000384e-01 4.608817795789156846e-01
-7.556000000000000494e-01 4.604274775194070468e-01
-7.555000000000000604e-01 4.596294854133827767e-01
-7.553999999999999604e-01 4.589962238521384519e-01
-7.552999999999999714e-01 4.579510866483988973e-01
-7.551999999999999824e-01 4.572087232114793176e-01
-7.550999999999999934e-01 4.563026389015374384e-01
-7.550000000000000044e-01 4.556651752030010383e-01
-7.549000000000000155e-01 4.547269847232017770e-01
-7.548000000000000265e-01 4.540056672232181123e-01
-7.547000000000000375e-01 4.532167054896025227e-01
-7.546000000000000485e-01 4.520434464318591194e-01
-7.544999999999999485e-01 4.509560966705886687e-01
-7.543999999999999595e-01 4.502024619794949833e-01
-7.542999999999999705e-01 4.491079832265874594e-01
-7.541999999999999815e-01 4.480855014669253289e-01
-7.540999999999999925e-01 4.473535835220847634e-01
-7.540000000000000036e-01 4.466609222438468474e-01
-7.539000000000000146e-01 4.458614152981147938e-01
-7.538000000000000256e-01 4.451782921229071044e-01
-7.537000000000000366e-01 4.441412090636333576e-01
-7.536000000000000476e-01 4.432446604468534002e-01
-7.535000000000000586e-01 4.423152338752003310e-01
-7.533999999999999586e-01 4.410643997994601606e-01
-7.532999999999999696e-01 4.404350851148652324e-01
-7.531999999999999806e-01 4.397331292705212724e-01
-7.530999999999999917e-01 4.388232607750402470e-01
-7.530000000000000027e-01 4.376144493942657476e-01
-7.529000000000000137e-01 4.370165756701434590e-01
-7.528000000000000247e-01 4.363885367849008046e-01
-7.527000000000000357e-01 4.353032104458451901e-01
-7.526000000000000467e-01 4.344433084482278162e-01
-7.524999999999999467e-01 4.338464251157880258e-01
-7.523999999999999577e-01 4.330100588347119972e-01
-7.522999999999999687e-01 4.323697590716599759e-01
-7.521999999999999797e-01 4.315902692934294738e-01
-7.520999999999999908e-01 4.305611256488643401e-01
-7.520000000000000018e-01 4.299158669886065098e-01
-7.519000000000000128e-01 4.292583087795497354e-01
-7.518000000000000238e-01 4.281455242770347280e-01
-7.517000000000000348e-01 4.272661866014693111e-01
-7.516000000000000458e-01 4.266191494779399407e-01
-7.515000000000000568e-01 4.259879549907475971e-01
-7.513999999999999568e-01 4.253069375345165937e-01
-7.512999999999999678e-01 4.245717129736106821e-01
-7.511999999999999789e-01 4.235543339270620988e-01
-7.510999999999999899e-01 4.228148641646395922e-01
-7.510000000000000009e-01 4.218017123492707743e-01
-7.509000000000000119e-01 4.212513203296526787e-01
-7.508000000000000229e-01 4.205771556776595754e-01
-7.507000000000000339e-01 4.197204203762598396e-01
-7.506000000000000449e-01 4.191597430674885438e-01
-7.504999999999999449e-01 4.184510888925883076e-01
-7.503999999999999559e-01 4.175767202822041058e-01
-7.502999999999999670e-01 4.170334621850038670e-01
-7.501999999999999780e-01 4.160911020636798296e-01
-7.500999999999999890e-01 4.152317644291168564e-01
-7.500000000000000000e-01 4.146647108454472042e-01
-7.499000000000000110e-01 4.138654869086945132e-01
-7.498000000000000220e-01 4.132024871799495069e-01
-7.497000000000000330e-01 4.122720430729026608e-01
-7.496000000000000441e-01 4.115349444239220777e-01
-7.495000000000000551e-01 4.109368818181640681e-01
-7.493999999999999551e-01 4.101916292506766482e-01
-7.492999999999999661e-01 4.092327397265293487e-01
-7.491999999999999771e-01 4.085606673630909347e-01
-7.490999999999999881e-01 4.079398435933123679e-01
-7.489999999999999991e-01 4.074433901389253321e-01
-7.489000000000000101e-01 4.062838810673901624e-01
-7.488000000000000211e-01 4.054147026866018466e-01
-7.487000000000000322e-01 4.045358783242022915e-01
-7.486000000000000432e-01 4.035816094918252550e-01
-7.484999999999999432e-01 4.030370299763093578e-01
-7.483999999999999542e-01 4.023158870054825975e-01
-7.482999999999999652e-01 4.017349376035986297e-01
-7.481999999999999762e-01 4.008344516232147381e-01
-7.480999999999999872e-01 4.002126406172323292e-01
-7.479999999999999982e-01 3.995551682520339098e-01
-7.479000000000000092e-01 3.986037222792732093e-01
-7.478000000000000203e-01 3.978637073954963688e-01
-7.477000000000000313e-01 3.970264501882036501e-01
-7.476000000000000423e-01 3.961286036734046889e-01
-7.475000000000000533e-01 3.952495399874254578e-01
-7.473999999999999533e-01 3.946151558804052994e-01
-7.472999999999999643e-01 3.940606405865759165e-01
-7.471999999999999753e-01 3.933074922942981222e-01
-7.470999999999999863e-01 3.926944669391212450e-01
-7.469999999999999973e-01 3.920318424403776425e-01
-7.469000000000000083e-01 3.911327012326192287e-01
-7.468000000000000194e-01 3.902948529762196861e-01
-7.467000000000000304e-01 3.894603396548188545e-01
-7.466000000000000414e-01 3.887949784906790662e-01
-7.464999999999999414e-01 3.881960340482351612e-01
-7.463999999999999524e-01 3.876846414283639519e-01
-7.462999999999999634e-01 3.871652533882327663e-01
-7.461999999999999744e-01 3.866493168862393248e-01
-7.460999999999999854e-01 3.859062798283495743e-01
-7.459999999999999964e-01 3.851840272252983199e-01
-7.459000000000000075e-01 3.844485305386022289e-01
-7.458000000000000185e-01 3.836357072142216329e-01
-7.457000000000000295e-01 3.831563636464770384e-01
-7.456000000000000405e-01 3.824348776155731544e-01
-7.455000000000000515e-01 3.817823261348013419e-01
-7.453999999999999515e-01 3.810333995902995818e-01
-7.452999999999999625e-01 3.804378507425572042e-01
-7.451999999999999735e-01 3.794443394463819508e-01
-7.450999999999999845e-01 3.787433821073303286e-01
-7.449999999999999956e-01 3.781286141712386084e-01
-7.449000000000000066e-01 3.773398477020055708e-01
-7.448000000000000176e-01 3.768890662957307680e-01
-7.447000000000000286e-01 3.761621994285853088e-01
-7.446000000000000396e-01 3.752275141374722400e-01
-7.444999999999999396e-01 3.744011950936209088e-01
-7.443999999999999506e-01 3.736286202412057444e-01
-7.442999999999999616e-01 3.728329520597362667e-01
-7.441999999999999726e-01 3.721259862881646230e-01
-7.440999999999999837e-01 3.714471044009485245e-01
-7.439999999999999947e-01 3.707314610471126870e-01
-7.439000000000000057e-01 3.697980873974002214e-01
-7.438000000000000167e-01 3.691246545405072466e-01
-7.437000000000000277e-01 3.683080947930468807e-01
-7.436000000000000387e-01 3.675522622484074797e-01
-7.435000000000000497e-01 3.669391077642487065e-01
-7.433999999999999497e-01 3.662815146990864301e-01
-7.432999999999999607e-01 3.653060195353940998e-01
-7.431999999999999718e-01 3.646858909203466448e-01
-7.430999999999999828e-01 3.642956912746921350e-01
-7.429999999999999938e-01 3.636137124290316214e-01
-7.429000000000000048e-01 3.629274466358948237e-01
-7.428000000000000158e-01 3.621626625046102110e-01
-7.427000000000000268e-01 3.614673300909101439e-01
-7.426000000000000378e-01 3.608380254104089913e-01
-7.424999999999999378e-01 3.600881053509892848e-01
-7.423999999999999488e-01 3.592640629361457116e-01
-7.422999999999999599e-01 3.582154929579827174e-01
-7.421999999999999709e-01 3.576739949259168383e-01
-7.420999999999999819e-01 3.571578985159293285e-01
-7.419999999999999929e-01 3.567178299547795195e-01
-7.419000000000000039e-01 3.560241853004820212e-01
-7.418000000000000149e-01 3.553353049700435640e-01
-7.417000000000000259e-01 3.548672400944311578e-01
-7.416000000000000369e-01 3.544335243560373661e-01
-7.415000000000000480e-01 3.537363173036199293e-01
-7.413999999999999480e-01 3.527579070921062487e-01
-7.412999999999999590e-01 3.521941307012517175e-01
-7.411999999999999700e-01 3.515797690712137991e-01
-7.410999999999999810e-01 3.509014009909458554e-01
-7.409999999999999920e-01 3.501140729873649660e-01
-7.409000000000000030e-01 3.493316534354229952e-01
-7.408000000000000140e-01 3.484287193401153782e-01
-7.407000000000000250e-01 3.479807815960381800e-01
-7.406000000000000361e-01 3.472333123417603029e-01
-7.404999999999999361e-01 3.466735618499058313e-01
-7.403999999999999471e-01 3.459940862577284837e-01
-7.402999999999999581e-01 3.454887410045300311e-01
-7.401999999999999691e-01 3.450122090525714058e-01
-7.400999999999999801e-01 3.444052314639148848e-01
-7.399999999999999911e-01 3.437192002919761125e-01
-7.399000000000000021e-01 3.430959238150536605e-01
-7.398000000000000131e-01 3.424894888563539408e-01
-7.397000000000000242e-01 3.418201487682072659e-01
-7.396000000000000352e-01 3.411566515235302521e-01
-7.395000000000000462e-01 3.405883398217372515e-01
-7.393999999999999462e-01 3.399515064731063463e-01
-7.392999999999999572e-01 3.394425955200113254e-01
-7.391999999999999682e-01 3.387835006811881211e-01
-7.390999999999999792e-01 3.381123841372739025e-01
-7.389999999999999902e-01 3.374431780605902098e-01
-7.389000000000000012e-01 3.369213618241148067e-01
-7.388000000000000123e-01 3.363868307930433788e-01
-7.387000000000000233e-01 3.356577912234005590e-01
-7.386000000000000343e-01 3.350266119647034024e-01
-7.384999999999999343e-01 3.343941661826438372e-01
-7.383999999999999453e-01 3.338455903684089399e-01
-7.382999999999999563e-01 3.331169907594074275e-01
-7.381999999999999673e-01 3.325589471935883612e-01
-7.380999999999999783e-01 3.318792249625878710e-01
-7.379999999999999893e-01 3.312832407262934487e-01
-7.379000000000000004e-01 3.307979152013321156e-01
-7.378000000000000114e-01 3.303471360937565438e-01
-7.377000000000000224e-01 3.297651949003453375e-01
-7.376000000000000334e-01 3.290645135518763253e-01
-7.375000000000000444e-01 3.284708705524230776e-01
-7.373999999999999444e-01 3.277882376810819509e-01
-7.372999999999999554e-01 3.270018545600419935e-01
-7.371999999999999664e-01 3.262493988182392779e-01
-7.370999999999999774e-01 3.257114710284630954e-01
-7.369999999999999885e-01 3.249906743490510452e-01
-7.368999999999999995e-01 3.243547341662301742e-01
-7.368000000000000105e-01 3.237168612922637911e-01
-7.367000000000000215e-01 3.231249731894056954e-01
-7.366000000000000325e-01 3.224995947990034750e-01
-7.364999999999999325e-01 3.217909946495398077e-01
-7.363999999999999435e-01 3.209337060861929269e-01
-7.362999999999999545e-01 3.202844363796537031e-01
-7.361999999999999655e-01 3.197893559479656478e-01
-7.360999999999999766e-01 3.193583200396705180e-01
-7.359999999999999876e-01 3.189185224272520491e-01
-7.358999999999999986e-01 3.182774426814337643e-01
-7.358000000000000096e-01 3.178874687868478155e-01
-7.357000000000000206e-01 3.174337194034048126e-01
-7.356000000000000316e-01 3.165669654329966720e-01
-7.355000000000000426e-01 3.156627946811558783e-01
-7.353999999999999426e-01 3.151180081440987935e-01
-7.352999999999999536e-01 3.143458296822584375e-01
-7.351999999999999647e-01 3.138206714694485866e-01
-7.350999999999999757e-01 3.133583871019172129e-01
-7.349999999999999867e-01 3.123288943004743357e-01
-7.348999999999999977e-01 3.117615537803209991e-01
-7.348000000000000087e-01 3.113165488414387228e-01
-7.347000000000000197e-01 3.107564239682855112e-01
-7.346000000000000307e-01 3.101804541949264582e-01
-7.344999999999999307e-01 3.093323559756755992e-01
-7.343999999999999417e-01 3.086130486265761808e-01
-7.342999999999999527e-01 3.078909744896524137e-01
-7.341999999999999638e-01 3.070361498780652121e-01
-7.340999999999999748e-01 3.062599442234884006e-01
-7.339999999999999858e-01 3.054107017472887375e-01
-7.338999999999999968e-01 3.047859171435414738e-01
-7.338000000000000078e-01 3.042288463208070448e-01
-7.337000000000000188e-01 3.035930105575012083e-01
-7.336000000000000298e-01 3.031476989495450192e-01
-7.335000000000000409e-01 3.024320443643924161e-01
-7.333999999999999408e-01 3.019336387281912892e-01
-7.332999999999999519e-01 3.011134849938746916e-01
-7.331999999999999629e-01 3.004048683302665834e-01
-7.330999999999999739e-01 2.998926745756818613e-01
-7.329999999999999849e-01 2.990065156420592118e-01
-7.328999999999999959e-01 2.986281017703077412e-01
-7.328000000000000069e-01 2.980014989658242852e-01
-7.327000000000000179e-01 2.971366584097034913e-01
-7.326000000000000290e-01 2.963713025249558597e-01
-7.324999999999999289e-01 2.956571536383229004e-01
-7.323999999999999400e-01 2.951088004206756099e-01
-7.322999999999999510e-01 2.944485882490062156e-01
-7.321999999999999620e-01 2.939165195224688887e-01
-7.320999999999999730e-01 2.935438382607757357e-01
-7.319999999999999840e-01 2.931756615248311548e-01
-7.318999999999999950e-01 2.926004531242692441e-01
-7.318000000000000060e-01 2.918827898280685895e-01
-7.317000000000000171e-01 2.908993672379822093e-01
-7.316000000000000281e-01 2.904060613139166080e-01
-7.315000000000000391e-01 2.897605561823480280e-01
-7.313999999999999391e-01 2.891153898814834422e-01
-7.312999999999999501e-01 2.884489136305562473e-01
-7.311999999999999611e-01 2.878332649458771320e-01
-7.310999999999999721e-01 2.873646678126615117e-01
-7.309999999999999831e-01 2.869540992701510307e-01
-7.308999999999999941e-01 2.864260187855609541e-01
-7.308000000000000052e-01 2.858887254844715287e-01
-7.307000000000000162e-01 2.854690271771004317e-01
-7.306000000000000272e-01 2.847522017467189470e-01
-7.304999999999999272e-01 2.842518351237501295e-01
-7.303999999999999382e-01 2.838641188271927573e-01
-7.302999999999999492e-01 2.831901376825325389e-01
-7.301999999999999602e-01 2.824391140313343707e-01
-7.300999999999999712e-01 2.819024889051134908e-01
-7.299999999999999822e-01 2.811873522539795056e-01
-7.298999999999999932e-01 2.807353947751035639e-01
-7.298000000000000043e-01 2.800439036630854583e-01
-7.297000000000000153e-01 2.795033989814893483e-01
-7.296000000000000263e-01 2.789151127511650397e-01
-7.295000000000000373e-01 2.783622971668264778e-01
-7.293999999999999373e-01 2.775790380526486079e-01
-7.292999999999999483e-01 2.769724645683501185e-01
-7.291999999999999593e-01 2.762914810928570053e-01
-7.290999999999999703e-01 2.757728909454843502e-01
-7.289999999999999813e-01 2.753686493862679829e-01
-7.288999999999999924e-01 2.746104816143195015e-01
-7.288000000000000034e-01 2.740792076346864059e-01
-7.287000000000000144e-01 2.736794593721125213e-01
-7.286000000000000254e-01 2.731641567629025102e-01
-7.284999999999999254e-01 2.725421609865865125e-01
-7.283999999999999364e-01 2.719505348847348070e-01
-7.282999999999999474e-01 2.714376109687138272e-01
-7.281999999999999584e-01 2.707891324823198942e-01
-7.280999999999999694e-01 2.701834667501207266e-01
-7.279999999999999805e-01 2.696959611998504536e-01
-7.278999999999999915e-01 2.691922556928488808e-01
-7.278000000000000025e-01 2.686120334887771577e-01
-7.277000000000000135e-01 2.681566704860260941e-01
-7.276000000000000245e-01 2.676878102913179402e-01
-7.275000000000000355e-01 2.670696588083046330e-01
-7.273999999999999355e-01 2.664342948077877415e-01
-7.272999999999999465e-01 2.658675498237179635e-01
-7.271999999999999575e-01 2.653741327630549374e-01
-7.270999999999999686e-01 2.650871619541523283e-01
-7.269999999999999796e-01 2.647962990413367801e-01
-7.268999999999999906e-01 2.643025286795763762e-01
-7.268000000000000016e-01 2.638745069898122964e-01
-7.267000000000000126e-01 2.635326411666089608e-01
-7.266000000000000236e-01 2.629758716978738420e-01
-7.264999999999999236e-01 2.625844325514800626e-01
-7.263999999999999346e-01 2.619134915405793018e-01
-7.262999999999999456e-01 2.611912504979441163e-01
-7.261999999999999567e-01 2.606344266952425603e-01
-7.260999999999999677e-01 2.602560028240922252e-01
-7.259999999999999787e-01 2.598708477633344671e-01
-7.258999999999999897e-01 2.592998656595473239e-01
-7.258000000000000007e-01 2.588088718089076590e-01
-7.257000000000000117e-01 2.582947944684526598e-01
-7.256000000000000227e-01 2.577747088089652472e-01
-7.255000000000000338e-01 2.572647817261823344e-01
-7.253999999999999337e-01 2.565261591800674923e-01
-7.252999999999999448e-01 2.558014610325324290e-01
-7.251999999999999558e-01 2.554533176572806874e-01
-7.250999999999999668e-01 2.550233548136596751e-01
-7.249999999999999778e-01 2.543431325010715449e-01
-7.248999999999999888e-01 2.538397800356921308e-01
-7.247999999999999998e-01 2.534575156333710999e-01
-7.247000000000000108e-01 2.526645377318356145e-01
-7.246000000000000218e-01 2.521862055333857211e-01
-7.244999999999999218e-01 2.517777500723973327e-01
-7.243999999999999329e-01 2.511150676900180123e-01
-7.242999999999999439e-01 2.506831067871688745e-01
-7.241999999999999549e-01 2.502545452689338146e-01
-7.240999999999999659e-01 2.498116072763801876e-01
-7.239999999999999769e-01 2.491895052224297469e-01
-7.238999999999999879e-01 2.488703385669329138e-01
-7.237999999999999989e-01 2.485715237326242555e-01
-7.237000000000000099e-01 2.479961050946380696e-01
-7.236000000000000210e-01 2.475157669595896004e-01
-7.235000000000000320e-01 2.466034685771193169e-01
-7.233999999999999320e-01 2.460628241502205438e-01
-7.232999999999999430e-01 2.454200344082008711e-01
-7.231999999999999540e-01 2.447206895222141243e-01
-7.230999999999999650e-01 2.442046390379765675e-01
-7.229999999999999760e-01 2.435165358890494791e-01
-7.228999999999999870e-01 2.432167343284121486e-01
-7.227999999999999980e-01 2.427367051970524270e-01
-7.227000000000000091e-01 2.422038805353896318e-01
-7.226000000000000201e-01 2.419389853387889089e-01
-7.224999999999999201e-01 2.412554183344756409e-01
-7.223999999999999311e-01 2.406981704652524923e-01
-7.222999999999999421e-01 2.402727471414680682e-01
-7.221999999999999531e-01 2.398346848948354204e-01
-7.220999999999999641e-01 2.395484468894046592e-01
-7.219999999999999751e-01 2.391707185705492233e-01
-7.218999999999999861e-01 2.389052759723677977e-01
-7.217999999999999972e-01 2.386781759896827726e-01
-7.217000000000000082e-01 2.381094057017413002e-01
-7.216000000000000192e-01 2.375048381880457971e-01
-7.215000000000000302e-01 2.370488766839727590e-01
-7.213999999999999302e-01 2.365934499789670298e-01
-7.212999999999999412e-01 2.359802854181007048e-01
-7.211999999999999522e-01 2.356373882774265294e-01
-7.210999999999999632e-01 2.353954924327766318e-01
-7.209999999999999742e-01 2.347877245155507164e-01
-7.208999999999999853e-01 2.341819227275331317e-01
-7.207999999999999963e-01 2.338568948518642554e-01
-7.207000000000000073e-01 2.333231332843768435e-01
-7.206000000000000183e-01 2.328655920281255398e-01
-7.204999999999999183e-01 2.323995146922521182e-01
-7.203999999999999293e-01 2.320474431675363380e-01
-7.202999999999999403e-01 2.314701473750038485e-01
-7.201999999999999513e-01 2.310683858028055870e-01
-7.200999999999999623e-01 2.305776173708101173e-01
-7.199999999999999734e-01 2.300093660099162274e-01
-7.198999999999999844e-01 2.296558193995340280e-01
-7.197999999999999954e-01 2.293382550663925490e-01
-7.197000000000000064e-01 2.289914223580001296e-01
-7.196000000000000174e-01 2.286793904111397713e-01
-7.195000000000000284e-01 2.282077741467979093e-01
-7.193999999999999284e-01 2.274787605652161815e-01
-7.192999999999999394e-01 2.270681576836434956e-01
-7.191999999999999504e-01 2.267578538072587135e-01
-7.190999999999999615e-01 2.261494154855798466e-01
-7.189999999999999725e-01 2.255162513258353596e-01
-7.188999999999999835e-01 2.252545102584036230e-01
-7.187999999999999945e-01 2.248215026099166236e-01
-7.187000000000000055e-01 2.244365355971770226e-01
-7.186000000000000165e-01 2.240320380356222718e-01
-7.184999999999999165e-01 2.236039563114956830e-01
-7.183999999999999275e-01 2.232440376254837267e-01
-7.182999999999999385e-01 2.230491614203638506e-01
-7.181999999999999496e-01 2.226291806988470456e-01
-7.180999999999999606e-01 2.221044529142293666e-01
-7.179999999999999716e-01 2.217675983551231911e-01
-7.178999999999999826e-01 2.212420701242897858e-01
-7.177999999999999936e-01 2.208246731779469618e-01
-7.177000000000000046e-01 2.204344691060971251e-01
-7.176000000000000156e-01 2.200598274858790449e-01
-7.175000000000000266e-01 2.197364456969176927e-01
-7.173999999999999266e-01 2.194627657857067538e-01
-7.172999999999999376e-01 2.190564718669835986e-01
-7.171999999999999487e-01 2.187580097626742881e-01
-7.170999999999999597e-01 2.182658934439150600e-01
-7.169999999999999707e-01 2.176231295677990840e-01
-7.168999999999999817e-01 2.171808777674778257e-01
-7.167999999999999927e-01 2.167804122358605590e-01
-7.167000000000000037e-01 2.164342474716037246e-01
-7.166000000000000147e-01 2.160841117829631897e-01
-7.164999999999999147e-01 2.156924879763964797e-01
-7.163999999999999257e-01 2.152860051723572976e-01
-7.162999999999999368e-01 2.147279940962229516e-01
-7.161999999999999478e-01 2.142181344422037226e-01
-7.160999999999999588e-01 2.138080924142374550e-01
-7.159999999999999698e-01 2.134450821234701035e-01
-7.158999999999999808e-01 2.131526588230029384e-01
-7.157999999999999918e-01 2.128477296763578441e-01
-7.157000000000000028e-01 2.121714762254930109e-01
-7.156000000000000139e-01 2.118185191741914775e-01
-7.155000000000000249e-01 2.111509439263506149e-01
-7.153999999999999249e-01 2.107666032427292502e-01
-7.152999999999999359e-01 2.103654888623272545e-01
-7.151999999999999469e-01 2.100230754885503426e-01
-7.150999999999999579e-01 2.096444547660477054e-01
-7.149999999999999689e-01 2.089967061391901360e-01
-7.148999999999999799e-01 2.085006772825316324e-01
-7.147999999999999909e-01 2.080068377388459289e-01
-7.147000000000000020e-01 2.076582521889220323e-01
-7.146000000000000130e-01 2.071926145609222780e-01
-7.144999999999999130e-01 2.068746253457611206e-01
-7.143999999999999240e-01 2.064077569114494692e-01
-7.142999999999999350e-01 2.060208046526213477e-01
-7.141999999999999460e-01 2.056174216400387111e-01
-7.140999999999999570e-01 2.052640169332078102e-01
-7.139999999999999680e-01 2.050046230820637694e-01
-7.138999999999999790e-01 2.046326006204684800e-01
-7.137999999999999901e-01 2.043425966971972596e-01
-7.137000000000000011e-01 2.040085278474173258e-01
-7.136000000000000121e-01 2.034732146768089556e-01
-7.135000000000000231e-01 2.031512458065006244e-01
-7.133999999999999231e-01 2.024355996121159629e-01
-7.132999999999999341e-01 2.021273795991218869e-01
-7.131999999999999451e-01 2.015887471963723754e-01
-7.130999999999999561e-01 2.013468575942428951e-01
-7.129999999999999671e-01 2.009947346881974239e-01
-7.128999999999999782e-01 2.005941085871495722e-01
-7.127999999999999892e-01 2.003331751072326972e-01
-7.127000000000000002e-01 2.001041025979903576e-01
-7.126000000000000112e-01 1.998527143607873036e-01
-7.124999999999999112e-01 1.995354961729472743e-01
-7.123999999999999222e-01 1.992639268393111562e-01
-7.122999999999999332e-01 1.988156719299681019e-01
-7.121999999999999442e-01 1.982457019723299907e-01
-7.120999999999999552e-01 1.977221476189497673e-01
-7.119999999999999662e-01 1.969706434674313722e-01
-7.118999999999999773e-01 1.964961638374123354e-01
-7.117999999999999883e-01 1.960153609157720411e-01
-7.116999999999999993e-01 1.954589060753200713e-01
-7.116000000000000103e-01 1.951785008403535970e-01
-7.115000000000000213e-01 1.947699903218908513e-01
-7.113999999999999213e-01 1.942230210239566379e-01
-7.112999999999999323e-01 1.936849242192020815e-01
-7.111999999999999433e-01 1.933170212613940231e-01
-7.110999999999999543e-01 1.928019009316293275e-01
-7.109999999999999654e-01 1.921180654242980179e-01
-7.108999999999999764e-01 1.916386248540654091e-01
-7.107999999999999874e-01 1.910471188763396833e-01
-7.106999999999999984e-01 1.905698586557592888e-01
-7.106000000000000094e-01 1.900183541933442855e-01
-7.104999999999999094e-01 1.896920724413947157e-01
-7.103999999999999204e-01 1.894228854471462775e-01
-7.102999999999999314e-01 1.892239053309226759e-01
-7.101999999999999424e-01 1.887703304519159353e-01
-7.100999999999999535e-01 1.885424532211950888e-01
-7.099999999999999645e-01 1.882008176092745400e-01
-7.098999999999999755e-01 1.877373141662628253e-01
-7.097999999999999865e-01 1.871115006488596189e-01
-7.096999999999999975e-01 1.867631075700627308e-01
-7.096000000000000085e-01 1.864889361360315967e-01
-7.095000000000000195e-01 1.861761939777543673e-01
-7.093999999999999195e-01 1.859552191619577022e-01
-7.092999999999999305e-01 1.857432357178814275e-01
-7.091999999999999416e-01 1.854684375096387061e-01
-7.090999999999999526e-01 1.850612783918897664e-01
-7.089999999999999636e-01 1.846359748142191171e-01
-7.088999999999999746e-01 1.842487424064412072e-01
-7.087999999999999856e-01 1.838767269181443009e-01
-7.086999999999999966e-01 1.833989435435678939e-01
-7.086000000000000076e-01 1.829714089617006378e-01
-7.084999999999999076e-01 1.826364935175393278e-01
-7.083999999999999186e-01 1.823814087379703464e-01
-7.082999999999999297e-01 1.820526387915752109e-01
-7.081999999999999407e-01 1.817324978659944634e-01
-7.080999999999999517e-01 1.813372161725695098e-01
-7.079999999999999627e-01 1.810174595256690000e-01
-7.078999999999999737e-01 1.807024002415685560e-01
-7.077999999999999847e-01 1.805077591433406070e-01
-7.076999999999999957e-01 1.800544855417084700e-01
-7.076000000000000068e-01 1.796366286549018754e-01
-7.075000000000000178e-01 1.793119790276120340e-01
-7.073999999999999178e-01 1.789717759404138575e-01
-7.072999999999999288e-01 1.787096554161587969e-01
-7.071999999999999398e-01 1.784234309963634579e-01
-7.070999999999999508e-01 1.779897674234117433e-01
-7.069999999999999618e-01 1.775132996474917679e-01
-7.068999999999999728e-01 1.772393410287083915e-01
-7.067999999999999838e-01 1.768867021253880678e-01
-7.066999999999999948e-01 1.764933424241229010e-01
-7.066000000000000059e-01 1.762194981024391427e-01
-7.064999999999999059e-01 1.758483136820484793e-01
-7.063999999999999169e-01 1.753427222258420182e-01
-7.062999999999999279e-01 1.749226516535563880e-01
-7.061999999999999389e-01 1.745812944256920074e-01
-7.060999999999999499e-01 1.740785021066278970e-01
-7.059999999999999609e-01 1.737165234667321645e-01
-7.058999999999999719e-01 1.733121270302050987e-01
-7.057999999999999829e-01 1.730449892049603922e-01
-7.056999999999999940e-01 1.725960054414589495e-01
-7.056000000000000050e-01 1.723941799945286624e-01
-7.055000000000000160e-01 1.719445526573546990e-01
-7.053999999999999160e-01 1.712933777022907778e-01
-7.052999999999999270e-01 1.710008247458660868e-01
-7.051999999999999380e-01 1.707002544871657757e-01
-7.050999999999999490e-01 1.703146497593007735e-01
-7.049999999999999600e-01 1.700768564456954512e-01
-7.048999999999999710e-01 1.695981628174471345e-01
-7.047999999999999821e-01 1.691497321753177019e-01
-7.046999999999999931e-01 1.686139548105941577e-01
-7.046000000000000041e-01 1.682221919375143926e-01
-7.044999999999999041e-01 1.679740831760817010e-01
-7.043999999999999151e-01 1.676978494099183870e-01
-7.042999999999999261e-01 1.673551901618446081e-01
-7.041999999999999371e-01 1.670527159029958908e-01
-7.040999999999999481e-01 1.666788295108285467e-01
-7.039999999999999591e-01 1.663468428438584501e-01
-7.038999999999999702e-01 1.661551471142437009e-01
-7.037999999999999812e-01 1.659014657188540576e-01
-7.036999999999999922e-01 1.653914402385698312e-01
-7.036000000000000032e-01 1.651655608158039135e-01
-7.035000000000000142e-01 1.648939538742241750e-01
-7.033999999999999142e-01 1.644643333677241470e-01
-7.032999999999999252e-01 1.640833010824370997e-01
-7.031999999999999362e-01 1.636466720317497348e-01
-7.030999999999999472e-01 1.633782804149469248e-01
-7.029999999999999583e-01 1.630516531732369989e-01
-7.028999999999999693e-01 1.628257710183693419e-01
-7.027999999999999803e-01 1.626493046107667650e-01
-7.026999999999999913e-01 1.622519515472834462e-01
-7.026000000000000023e-01 1.619139698912652747e-01
-7.024999999999999023e-01 1.615733564861563665e-01
-7.023999999999999133e-01 1.613416262623726394e-01
-7.022999999999999243e-01 1.610014284850803390e-01
-7.021999999999999353e-01 1.606739579118277028e-01
-7.020999999999999464e-01 1.603749804418252989e-01
-7.019999999999999574e-01 1.599851774260839243e-01
-7.018999999999999684e-01 1.599163434505375958e-01
-7.017999999999999794e-01 1.596898059182145779e-01
-7.016999999999999904e-01 1.592761665356264011e-01
-7.016000000000000014e-01 1.589877581435407139e-01
-7.015000000000000124e-01 1.585955722423957603e-01
-7.013999999999999124e-01 1.584322968289963163e-01
-7.012999999999999234e-01 1.582890684045427654e-01
-7.011999999999999345e-01 1.579023207892491509e-01
-7.010999999999999455e-01 1.575703342859816891e-01
-7.009999999999999565e-01 1.571937413862706800e-01
-7.008999999999999675e-01 1.569539017959274418e-01
-7.007999999999999785e-01 1.565535374033564520e-01
-7.006999999999999895e-01 1.563022007857292062e-01
-7.006000000000000005e-01 1.560877292061418620e-01
-7.004999999999999005e-01 1.558006482664107961e-01
-7.003999999999999115e-01 1.555357325328800833e-01
-7.002999999999999226e-01 1.549121263977794316e-01
-7.001999999999999336e-01 1.546203135349276947e-01
-7.000999999999999446e-01 1.543957412599064882e-01
-6.999999999999999556e-01 1.541817777697286063e-01
