# Total matched probability. Interfaces: -0.8 , -0.7 , -0.6 , -0.5 , -0.4 , -0.3 , 1.0
-9.899999999999999911e-01 1.000000000000000000e+00
-9.892986638872000027e-01 9.956607186383454877e-01
-9.885973277744000143e-01 9.933718260704224035e-01
-9.878959916616000259e-01 9.906269497013051595e-01
-9.871946555488000374e-01 9.885389452489391493e-01
-9.864933194359999380e-01 9.861713009525936435e-01
-9.857919833231999496e-01 9.842457331935646758e-01
-9.850906472103999612e-01 9.823541934637839423e-01
-9.843893110975999727e-01 9.801643885050738136e-01
-9.836879749847999843e-01 9.776758653636654639e-01
-9.829866388719999959e-01 9.760195581186240643e-01
-9.822853027592000075e-01 9.743054177288676954e-01
-9.815839666464000191e-01 9.728265774537585564e-01
-9.808826305336000306e-01 9.707739661784615670e-01
-9.801812944208000422e-01 9.691335580375044501e-01
-9.794799583079999428e-01 9.674152365854629121e-01
-9.787786221951999543e-01 9.654477801671904613e-01
-9.780772860823999659e-01 9.636168217034739580e-01
-9.773759499695999775e-01 9.613422746602837687e-01
-9.766746138567999891e-01 9.595378595476250494e-01
-9.759732777440000007e-01 9.574213900807562183e-01
-9.752719416312000122e-01 9.557594939813146562e-01
-9.745706055184000238e-01 9.536682510019329762e-01
-9.738692694056000354e-01 9.518438696967369550e-01
-9.731679332928000470e-01 9.498230886510125037e-01
-9.724665971799999475e-01 9.476738684280340275e-01
-9.717652610671999591e-01 9.456613528086750264e-01
-9.710639249543999707e-01 9.436380394687293727e-01
-9.703625888415999823e-01 9.416446870289476578e-01
-9.696612527287999939e-01 9.396787325824228487e-01
-9.689599166160000054e-01 9.373512006082037606e-01
-9.682585805032000170e-01 9.352696445293676719e-01
-9.675572443904000286e-01 9.332350655117160887e-01
-9.668559082776000402e-01 9.310258274956615399e-01
-9.661545721647999407e-01 9.287401207931887948e-01
-9.654532360519999523e-01 9.265534033699746042e-01
-9.647518999391999639e-01 9.243284391928685562e-01
-9.640505638263999755e-01 9.220047460646967341e-01
-9.633492277135999871e-01 9.195459325722830091e-01
-9.626478916007999986e-01 9.173873269002257302e-01
-9.619465554880000102e-01 9.146836922442532769e-01
-9.612452193752000218e-01 9.121550154012405542e-01
-9.605438832624000334e-01 9.097357217063559709e-01
-9.598425471496000450e-01 9.075738885482205198e-01
-9.591412110367999455e-01 9.050989254664563166e-01
-9.584398749239999571e-01 9.026673422549227332e-01
-9.577385388111999687e-01 8.997995746648064230e-01
-9.570372026983999802e-01 8.971043421534948825e-01
-9.563358665855999918e-01 8.946388567864286268e-01
-9.556345304728000034e-01 8.918358932158165775e-01
-9.549331943600000150e-01 8.890540863026374918e-01
-9.542318582472000266e-01 8.861818512168235795e-01
-9.535305221344000381e-01 8.833840020266627846e-01
-9.528291860216000497e-01 8.806715631817667589e-01
-9.521278499087999503e-01 8.779426863429016237e-01
-9.514265137959999619e-01 8.747980750068955480e-01
-9.507251776831999734e-01 8.718491678410784651e-01
-9.500238415703999850e-01 8.688338063471751083e-01
-9.493225054575999966e-01 8.659315366200864839e-01
-9.486211693448000082e-01 8.625702848559372304e-01
-9.479198332320000198e-01 8.595683344550808513e-01
-9.472184971192000313e-01 8.562659400065225634e-01
-9.465171610064000429e-01 8.529255724794471138e-01
-9.458158248935999435e-01 8.494885253677270098e-01
-9.451144887807999551e-01 8.463840499592792943e-01
-9.444131526679999666e-01 8.430355169869198084e-01
-9.437118165551999782e-01 8.396278283098888018e-01
-9.430104804423999898e-01 8.361069733169437246e-01
-9.423091443296000014e-01 8.328463171649577168e-01
-9.416078082168000130e-01 8.294631376130360279e-01
-9.409064721040000245e-01 8.261965386378360421e-01
-9.402051359912000361e-01 8.225960643107510517e-01
-9.395037998784000477e-01 8.192723710905475132e-01
-9.388024637655999483e-01 8.156313545576747703e-01
-9.381011276527999598e-01 8.122829580082170375e-01
-9.373997915399999714e-01 8.089168940685157461e-01
-9.366984554271999830e-01 8.052142620909913395e-01
-9.359971193143999946e-01 8.016640486931271292e-01
-9.352957832016000062e-01 7.979935661135839631e-01
-9.345944470888000177e-01 7.945600864048160128e-01
-9.338931109760000293e-01 7.908450797695883994e-01
-9.331917748632000409e-01 7.873025214620752443e-01
-9.324904387504000525e-01 7.834359807980924018e-01
-9.317891026375999530e-01 7.799419372870182166e-01
-9.310877665247999646e-01 7.758875153004914926e-01
-9.303864304119999762e-01 7.721667653427052302e-01
-9.296850942991999878e-01 7.685476849264416543e-01
-9.289837581863999993e-01 7.646429573382660383e-01
-9.282824220736000109e-01 7.606832601221894530e-01
-9.275810859608000225e-01 7.566669557126841639e-01
-9.268797498480000341e-01 7.524911420481442681e-01
-9.261784137352000457e-01 7.488681941768885464e-01
-9.254770776223999462e-01 7.450026093830333096e-01
-9.247757415095999578e-01 7.413481886257557996e-01
-9.240744053967999694e-01 7.374691796336354521e-01
-9.233730692839999810e-01 7.334576468260416426e-01
-9.226717331711999925e-01 7.294281153557207187e-01
-9.219703970584000041e-01 7.256578988362100135e-01
-9.212690609456000157e-01 7.216460664292957405e-01
-9.205677248328000273e-01 7.179365327088658155e-01
-9.198663887200000389e-01 7.140377912994891885e-01
-9.191650526071999394e-01 7.101268765737174249e-01
-9.184637164944000620e-01 7.065345896306066686e-01
-9.177623803815999626e-01 7.026406397718525376e-01
-9.170610442687999742e-01 6.984804835042572879e-01
-9.163597081559999857e-01 6.940871491077899025e-01
-9.156583720431999973e-01 6.901023595315248782e-01
-9.149570359304000089e-01 6.861292752160318420e-01
-9.142556998176000205e-01 6.819473746887307897e-01
-9.135543637048000321e-01 6.779393513374947222e-01
-9.128530275920000436e-01 6.736236539263091849e-01
-9.121516914792000552e-01 6.690941369929501725e-01
-9.114503553663999558e-01 6.647567196743849882e-01
-9.107490192535999673e-01 6.606889475596421368e-01
-9.100476831407999789e-01 6.563081891883768559e-01
-9.093463470279999905e-01 6.520244808644358736e-01
-9.086450109152000021e-01 6.481262400171248217e-01
-9.079436748024000137e-01 6.437363034133909423e-01
-9.072423386896000252e-01 6.395403069521170547e-01
-9.065410025768000368e-01 6.357744981644934956e-01
-9.058396664640000484e-01 6.315706754327728989e-01
-9.051383303511999490e-01 6.277971753235583874e-01
-9.044369942383999605e-01 6.237676860497153308e-01
-9.037356581255999721e-01 6.196827417703200114e-01
-9.030343220127999837e-01 6.153013414709409545e-01
-9.023329858999999953e-01 6.112802973030927456e-01
-9.016316497872000069e-01 6.073142924004557575e-01
-9.009303136744000184e-01 6.033111344439354706e-01
-9.002289775616000300e-01 5.994621143941391006e-01
-8.995276414488000416e-01 5.951271171772212210e-01
-8.988263053359999422e-01 5.912776069897626163e-01
-8.981249692232000648e-01 5.871231314943832214e-01
-8.974236331103999653e-01 5.829244393938611823e-01
-8.967222969975999769e-01 5.789693231747636837e-01
-8.960209608847999885e-01 5.747508840393976692e-01
-8.953196247720000001e-01 5.708191066547366743e-01
-8.946182886592000116e-01 5.666133875872786385e-01
-8.939169525464000232e-01 5.625835262285058258e-01
-8.932156164336000348e-01 5.586916826874759323e-01
-8.925142803208000464e-01 5.546947009748567359e-01
-8.918129442080000580e-01 5.505953155409997191e-01
-8.911116080951999585e-01 5.469365313878777890e-01
-8.904102719823999701e-01 5.428730478117640423e-01
-8.897089358695999817e-01 5.386349328299300243e-01
-8.890075997567999933e-01 5.346768811184727799e-01
-8.883062636440000048e-01 5.305693133543890605e-01
-8.876049275312000164e-01 5.267230775173015189e-01
-8.869035914184000280e-01 5.233350051210182707e-01
-8.862022553056000396e-01 5.192281444010266034e-01
-8.855009191928000511e-01 5.150305447351397614e-01
-8.847995830799999517e-01 5.111067218338308793e-01
-8.840982469671999633e-01 5.072227543894286539e-01
-8.833969108543999749e-01 5.036965593525600804e-01
-8.826955747415999864e-01 4.997005183699336217e-01
-8.819942386287999980e-01 4.958243901639432516e-01
-8.812929025160000096e-01 4.919567483355340998e-01
-8.805915664032000212e-01 4.883767678534393641e-01
-8.798902302904000328e-01 4.845851461285962114e-01
-8.791888941776000443e-01 4.810698552383066429e-01
-8.784875580647999449e-01 4.772269777477256558e-01
-8.777862219520000675e-01 4.732857057256165123e-01
-8.770848858391999681e-01 4.693780764651285242e-01
-8.763835497263999796e-01 4.654169271776831818e-01
-8.756822136135999912e-01 4.620259157555112184e-01
-8.749808775008000028e-01 4.582801068835766767e-01
-8.742795413880000144e-01 4.544376603940649684e-01
-8.735782052752000260e-01 4.505036452589500362e-01
-8.728768691624000375e-01 4.465957763859790264e-01
-8.721755330496000491e-01 4.431281319717996769e-01
-8.714741969368000607e-01 4.395113693854429959e-01
-8.707728608239999613e-01 4.358719886083682882e-01
-8.700715247111999728e-01 4.324772992173999686e-01
-8.693701885983999844e-01 4.289184276883907243e-01
-8.686688524855999960e-01 4.255982111242685439e-01
-8.679675163728000076e-01 4.218498541462643026e-01
-8.672661802600000192e-01 4.179681886816887793e-01
-8.665648441472000307e-01 4.143353903485091361e-01
-8.658635080344000423e-01 4.108408406221424336e-01
-8.651621719216000539e-01 4.074448824152897553e-01
-8.644608358087999544e-01 4.038822117098743725e-01
-8.637594996959999660e-01 4.004859501661797161e-01
-8.630581635831999776e-01 3.966268766400221635e-01
-8.623568274703999892e-01 3.931431977532784949e-01
-8.616554913576000008e-01 3.894786888958692295e-01
-8.609541552448000123e-01 3.861525342400987104e-01
-8.602528191320000239e-01 3.829573952322736785e-01
-8.595514830192000355e-01 3.794397521310959864e-01
-8.588501469064000471e-01 3.760077974255927047e-01
-8.581488107935999476e-01 3.724808912262655980e-01
-8.574474746808000702e-01 3.687437404111021944e-01
-8.567461385679999708e-01 3.655759926396719983e-01
-8.560448024551999824e-01 3.620880330590479645e-01
-8.553434663423999940e-01 3.586578921564220201e-01
-8.546421302296000055e-01 3.554147499623594997e-01
-8.539407941168000171e-01 3.520562815801184242e-01
-8.532394580040000287e-01 3.489011796950719502e-01
-8.525381218912000403e-01 3.458003888901873268e-01
-8.518367857783999408e-01 3.425684328265817258e-01
-8.511354496656000634e-01 3.393487301678561607e-01
-8.504341135527999640e-01 3.363556564073827415e-01
-8.497327774399999756e-01 3.330816430025662078e-01
-8.490314413271999872e-01 3.300669573348785080e-01
-8.483301052143999987e-01 3.270977569195084866e-01
-8.476287691016000103e-01 3.241297517896793434e-01
-8.469274329888000219e-01 3.210446639885056186e-01
-8.462260968760000335e-01 3.180624949424030734e-01
-8.455247607632000451e-01 3.149186094986770601e-01
-8.448234246504000566e-01 3.120099446899627926e-01
-8.441220885375999572e-01 3.091368598085306729e-01
-8.434207524247999688e-01 3.062751821131269869e-01
-8.427194163119999804e-01 3.033099238153579291e-01
-8.420180801991999919e-01 3.005097520229025321e-01
-8.413167440864000035e-01 2.974955469315643253e-01
-8.406154079736000151e-01 2.944948873301611036e-01
-8.399140718608000267e-01 2.918358496178574124e-01
-8.392127357480000382e-01 2.890590716969553275e-01
-8.385113996352000498e-01 2.863467531725889526e-01
-8.378100635223999504e-01 2.834735149322103465e-01
-8.371087274096000730e-01 2.806896505817782494e-01
-8.364073912967999735e-01 2.779567298422935262e-01
-8.357060551839999851e-01 2.751051467112520243e-01
-8.350047190711999967e-01 2.724049701675294033e-01
-8.343033829584000083e-01 2.696002209306014308e-01
-8.336020468456000199e-01 2.667199971533241176e-01
-8.329007107328000314e-01 2.642059637173724274e-01
-8.321993746200000430e-01 2.616704385888615758e-01
-8.314980385071999436e-01 2.589116176830992822e-01
-8.307967023944000662e-01 2.560056348710830765e-01
-8.300953662815999667e-01 2.534632102851066549e-01
-8.293940301687999783e-01 2.508963627703869048e-01
-8.286926940559999899e-01 2.483417168547640275e-01
-8.279913579432000015e-01 2.460253642553500708e-01
-8.272900218304000131e-01 2.433597504338782247e-01
-8.265886857176000246e-01 2.408313032367473683e-01
-8.258873496048000362e-01 2.385957521289487071e-01
-8.251860134920000478e-01 2.362911278923881531e-01
-8.244846773792000594e-01 2.339323606701013969e-01
-8.237833412663999599e-01 2.315837176917086848e-01
-8.230820051535999715e-01 2.291975237292283862e-01
-8.223806690407999831e-01 2.267405234769858391e-01
-8.216793329279999947e-01 2.243351412071623308e-01
-8.209779968152000063e-01 2.218827183898158806e-01
-8.202766607024000178e-01 2.194336631321515130e-01
-8.195753245896000294e-01 2.172193357340669873e-01
-8.188739884768000410e-01 2.150059982683873994e-01
-8.181726523640000526e-01 2.127988373818401335e-01
-8.174713162511999531e-01 2.101711908346586000e-01
-8.167699801384000757e-01 2.079139482786275805e-01
-8.160686440255999763e-01 2.057158683952719780e-01
-8.153673079127999879e-01 2.037260093906649028e-01
-8.146659717999999994e-01 2.011796250929541174e-01
-8.139646356872000110e-01 1.989446498479651992e-01
-8.132632995744000226e-01 1.968124392213248530e-01
-8.125619634616000342e-01 1.945951821455890740e-01
-8.118606273488000458e-01 1.923668220165895559e-01
-8.111592912359999463e-01 1.901736697386782748e-01
-8.104579551232000689e-01 1.881082131476281838e-01
-8.097566190103999695e-01 1.861612378376822641e-01
-8.090552828975999811e-01 1.842021736817692767e-01
-8.083539467847999926e-01 1.819798958200073424e-01
-8.076526106720000042e-01 1.800821720278443783e-01
-8.069512745592000158e-01 1.779829964094725436e-01
-8.062499384464000274e-01 1.759068818495661546e-01
-8.055486023336000390e-01 1.738645569600533181e-01
-8.048472662208000505e-01 1.720585095123368380e-01
-8.041459301080000621e-01 1.699458513086049283e-01
-8.034445939951999627e-01 1.679516671137843420e-01
-8.027432578823999743e-01 1.660956911488472854e-01
-8.020419217695999858e-01 1.644010867666134135e-01
-8.013405856567999974e-01 1.624938473989655519e-01
-8.006392495440000090e-01 1.607989111709707819e-01
-8.000000000000000444e-01 1.593197076581291116e-01
-7.993786197959000805e-01 1.574452909177806448e-01
-7.987572395918000057e-01 1.557738167971723375e-01
-7.981358593877000418e-01 1.541891656119159792e-01
-7.975144791836000779e-01 1.526374806436575082e-01
-7.968930989795000031e-01 1.509998577940523112e-01
-7.962717187754000392e-01 1.495091242332344528e-01
-7.956503385713000753e-01 1.477261897998088103e-01
-7.950289583672000004e-01 1.462256349238996167e-01
-7.944075781631000366e-01 1.446548162214588151e-01
-7.937861979590000727e-01 1.432118417890772821e-01
-7.931648177548999978e-01 1.418188289078138042e-01
-7.925434375508000340e-01 1.403328081200393707e-01
-7.919220573467000701e-01 1.389296419160606644e-01
-7.913006771425999952e-01 1.374734847768500079e-01
-7.906792969385000314e-01 1.360159558136096736e-01
-7.900579167344000675e-01 1.346623770004311549e-01
-7.894365365302999926e-01 1.333111669010044464e-01
-7.888151563262000288e-01 1.318162893520740120e-01
-7.881937761221000649e-01 1.303811221402052523e-01
-7.875723959179999900e-01 1.290797237269276365e-01
-7.869510157139000261e-01 1.277202005109116800e-01
-7.863296355098000623e-01 1.263365999628204839e-01
-7.857082553056999874e-01 1.249603240535532289e-01
-7.850868751016000235e-01 1.237484806067085247e-01
-7.844654948975000597e-01 1.225500150913285125e-01
-7.838441146934000958e-01 1.213276236268514829e-01
-7.832227344893000209e-01 1.199817628316411922e-01
-7.826013542852000571e-01 1.186655548180893804e-01
-7.819799740811000932e-01 1.174690196464045072e-01
-7.813585938770000183e-01 1.162401266475495271e-01
-7.807372136729000545e-01 1.149688652009030060e-01
-7.801158334688000906e-01 1.138162253662319129e-01
-7.794944532647000157e-01 1.125095729689377932e-01
-7.788730730606000519e-01 1.113068041265612707e-01
-7.782516928565000880e-01 1.101064137502654888e-01
-7.776303126524000131e-01 1.088394294428010889e-01
-7.770089324483000492e-01 1.075781340574328004e-01
-7.763875522442000854e-01 1.064000880476606015e-01
-7.757661720401000105e-01 1.053095857135215724e-01
-7.751447918360000466e-01 1.042117234722192837e-01
-7.745234116319000828e-01 1.030560883376226283e-01
-7.739020314278000079e-01 1.018817906592358880e-01
-7.732806512237000440e-01 1.006216198158963460e-01
-7.726592710196000802e-01 9.952880986556598975e-02
-7.720378908155000053e-01 9.833377308709816134e-02
-7.714165106114000414e-01 9.729902344081732546e-02
-7.707951304073000776e-01 9.617840068329291947e-02
-7.701737502032000027e-01 9.517671462741170152e-02
-7.695523699991000388e-01 9.408202670233285769e-02
-7.689309897950000749e-01 9.302739531183734645e-02
-7.683096095909000001e-01 9.196951611784062730e-02
-7.676882293868000362e-01 9.099115563133337858e-02
-7.670668491827000723e-01 9.002167665635882332e-02
-7.664454689785999975e-01 8.900556898322252442e-02
-7.658240887745000336e-01 8.797525512546937321e-02
-7.652027085704000697e-01 8.705103824009415014e-02
-7.645813283662999948e-01 8.616076622274392027e-02
-7.639599481622000310e-01 8.508798150030999485e-02
-7.633385679581000671e-01 8.423562693397962375e-02
-7.627171877539999922e-01 8.336503153404802025e-02
-7.620958075499000284e-01 8.238552361735271279e-02
-7.614744273458000645e-01 8.153290878966192035e-02
-7.608530471416999896e-01 8.070407875509763573e-02
-7.602316669376000258e-01 7.988105498450702446e-02
-7.596102867335000619e-01 7.899958513939332738e-02
-7.589889065293999870e-01 7.812958300432815140e-02
-7.583675263253000232e-01 7.719289458978986773e-02
-7.577461461212000593e-01 7.626917507802701002e-02
-7.571247659171000954e-01 7.540246428570540616e-02
-7.565033857130000206e-01 7.455574917693713610e-02
-7.558820055089000567e-01 7.373391661670408714e-02
-7.552606253047999818e-01 7.288688831182275896e-02
-7.546392451007000179e-01 7.212009990953202609e-02
-7.540178648966000541e-01 7.134049632503806915e-02
-7.533964846925000902e-01 7.049055044288325689e-02
-7.527751044884000153e-01 6.962910381730282039e-02
-7.521537242843000515e-01 6.889775095829712981e-02
-7.515323440802000876e-01 6.809513934721055095e-02
-7.509109638761000127e-01 6.738991618341355627e-02
-7.502895836720000489e-01 6.667911466954745681e-02
-7.496682034679000850e-01 6.593095104749371882e-02
-7.490468232638000101e-01 6.506032235795367047e-02
-7.484254430597000463e-01 6.431845950802381195e-02
-7.478040628556000824e-01 6.357925518116383512e-02
-7.471826826515000075e-01 6.283372603563992798e-02
-7.465613024474000436e-01 6.215309056802546112e-02
-7.459399222433000798e-01 6.142606174755691623e-02
-7.453185420392000049e-01 6.074159795596997813e-02
-7.446971618351000410e-01 6.002645896696277156e-02
-7.440757816310000772e-01 5.935061307852721596e-02
-7.434544014269000023e-01 5.861280075590856453e-02
-7.428330212228000384e-01 5.799446535274453002e-02
-7.422116410187000746e-01 5.728890713458094364e-02
-7.415902608145999997e-01 5.660163667965578682e-02
-7.409688806105000358e-01 5.593092401947563630e-02
-7.403475004064000720e-01 5.523685695626880110e-02
-7.397261202022999971e-01 5.459372132712360381e-02
-7.391047399982000332e-01 5.399936592704955574e-02
-7.384833597941000694e-01 5.343116829188362255e-02
-7.378619795899999945e-01 5.278767595302026605e-02
-7.372405993859000306e-01 5.216483634249508700e-02
-7.366192191818000667e-01 5.154205537122089065e-02
-7.359978389776999919e-01 5.089536244283135447e-02
-7.353764587736000280e-01 5.026696952665123119e-02
-7.347550785695000641e-01 4.961623019743082591e-02
-7.341336983653999892e-01 4.902160284522512346e-02
-7.335123181613000254e-01 4.843589663646463706e-02
-7.328909379572000615e-01 4.791438483889381289e-02
-7.322695577530999866e-01 4.731009138273368358e-02
-7.316481775490000228e-01 4.670630037340562507e-02
-7.310267973449000589e-01 4.611953356730260495e-02
-7.304054171408000951e-01 4.550997058961527703e-02
-7.297840369367000202e-01 4.501692688077882365e-02
-7.291626567326000563e-01 4.441990438721091228e-02
-7.285412765284999814e-01 4.380733738580842862e-02
-7.279198963244000176e-01 4.330364101350710204e-02
-7.272985161203000537e-01 4.277489346218250194e-02
-7.266771359162000898e-01 4.223799628369925840e-02
-7.260557557121000150e-01 4.166651325247573007e-02
-7.254343755080000511e-01 4.122501214356161237e-02
-7.248129953038999762e-01 4.071936107129900395e-02
-7.241916150998000123e-01 4.024272540447040164e-02
-7.235702348957000485e-01 3.980950270244367623e-02
-7.229488546916000846e-01 3.930144746130630196e-02
-7.223274744875000097e-01 3.882980742280334185e-02
-7.217060942834000459e-01 3.833774436836886318e-02
-7.210847140793000820e-01 3.786694071209707746e-02
-7.204633338752000071e-01 3.736847074159366927e-02
-7.198419536711000433e-01 3.692047027069107756e-02
-7.192205734670000794e-01 3.649098655535555624e-02
-7.185991932629000045e-01 3.609513056835075145e-02
-7.179778130588000407e-01 3.567098420018320615e-02
-7.173564328547000768e-01 3.524997395605396905e-02
-7.167350526506000019e-01 3.473269122004449955e-02
-7.161136724465000380e-01 3.432273063076806546e-02
-7.154922922424000742e-01 3.391145658518275596e-02
-7.148709120382999993e-01 3.348862588615222208e-02
-7.142495318342000354e-01 3.312045556571448224e-02
-7.136281516301000716e-01 3.269045714757760207e-02
-7.130067714259999967e-01 3.227249944572539719e-02
-7.123853912219000328e-01 3.185564412994656980e-02
-7.117640110178000690e-01 3.150010712264119522e-02
-7.111426308136999941e-01 3.114568559918447915e-02
-7.105212506096000302e-01 3.074789596801184854e-02
-7.098998704055000664e-01 3.035754826122910588e-02
-7.092784902013999915e-01 2.997004630560148875e-02
-7.086571099973000276e-01 2.957265285958371112e-02
-7.080357297932000638e-01 2.916293147858611823e-02
-7.074143495890999889e-01 2.880169401920999392e-02
-7.067929693850000250e-01 2.844994570476854640e-02
-7.061715891809000611e-01 2.810638992365114414e-02
-7.055502089767999863e-01 2.775430814995620901e-02
-7.049288287727000224e-01 2.737550865220263197e-02
-7.043074485686000585e-01 2.703089085304287431e-02
-7.036860683645000947e-01 2.668054304868872073e-02
-7.030646881604000198e-01 2.635852251805874402e-02
-7.024433079563000559e-01 2.606034032013795215e-02
-7.018219277521999810e-01 2.574211236575530207e-02
-7.012005475481000172e-01 2.540549946265317771e-02
-7.005791673440000533e-01 2.510738860266929773e-02
-6.999999999999999556e-01 2.479723116491140689e-02
-6.982999999999999208e-01 2.394552323186650497e-02
-6.965999999999999970e-01 2.316222416887738292e-02
-6.948999999999999622e-01 2.236834761910676955e-02
-6.931999999999999273e-01 2.157737701551314807e-02
-6.915000000000000036e-01 2.088636196837833151e-02
-6.897999999999999687e-01 2.012977298618080779e-02
-6.880999999999999339e-01 1.945408465468449755e-02
-6.864000000000000101e-01 1.878133261498071346e-02
-6.846999999999999753e-01 1.814340975842695589e-02
-6.829999999999999405e-01 1.752447586268562549e-02
-6.812999999999999057e-01 1.690794024051553088e-02
-6.795999999999999819e-01 1.635256817702625959e-02
-6.778999999999999471e-01 1.578271510124957047e-02
-6.761999999999999122e-01 1.525066268225504576e-02
-6.744999999999999885e-01 1.472716437507467710e-02
-6.727999999999999536e-01 1.421390720544003436e-02
-6.710999999999999188e-01 1.371740160851042320e-02
-6.693999999999999950e-01 1.323474914862509885e-02
-6.676999999999999602e-01 1.276952968809892328e-02
-6.659999999999999254e-01 1.231244939545429913e-02
-6.643000000000000016e-01 1.189231992934245558e-02
-6.625999999999999668e-01 1.147541781591184321e-02
-6.608999999999999320e-01 1.105434314161476625e-02
-6.592000000000000082e-01 1.066826412955007401e-02
-6.574999999999999734e-01 1.028306642326472058e-02
-6.557999999999999385e-01 9.936165140699754206e-03
-6.540999999999999037e-01 9.562267417156095420e-03
-6.523999999999999799e-01 9.224446855451389274e-03
-6.506999999999999451e-01 8.899307393038475428e-03
-6.489999999999999103e-01 8.579549481407053660e-03
-6.472999999999999865e-01 8.274503437797212438e-03
-6.455999999999999517e-01 7.987198389425957668e-03
-6.438999999999999169e-01 7.690652238658405616e-03
-6.421999999999999931e-01 7.418035837259026773e-03
-6.404999999999999583e-01 7.149924023563718894e-03
-6.387999999999999234e-01 6.901292352342114529e-03
-6.370999999999999996e-01 6.650641547922312227e-03
-6.353999999999999648e-01 6.410925439990920911e-03
-6.336999999999999300e-01 6.176074706034572967e-03
-6.320000000000000062e-01 5.957382107101726575e-03
-6.302999999999999714e-01 5.750339636807122803e-03
-6.285999999999999366e-01 5.535374810018650268e-03
-6.269000000000000128e-01 5.320926594641894013e-03
-6.251999999999999780e-01 5.129559729988677694e-03
-6.234999999999999432e-01 4.949421553728248872e-03
-6.217999999999999083e-01 4.769391947962194414e-03
-6.200999999999999845e-01 4.597103615850993419e-03
-6.183999999999999497e-01 4.431288768351721030e-03
-6.166999999999999149e-01 4.260932390489828234e-03
-6.149999999999999911e-01 4.098383153392865831e-03
-6.132999999999999563e-01 3.935935215934637139e-03
-6.115999999999999215e-01 3.790663492005214887e-03
-6.098999999999999977e-01 3.656540024516723511e-03
-6.081999999999999629e-01 3.516573703922018599e-03
-6.064999999999999281e-01 3.387307403346159415e-03
-6.048000000000000043e-01 3.269875543466755317e-03
-6.030999999999999694e-01 3.151248019317377282e-03
-6.013999999999999346e-01 3.029989949537530928e-03
-5.999999999999999778e-01 2.936511167547630873e-03
-5.983999999999999320e-01 2.827608149925929862e-03
-5.967999999999999972e-01 2.734947279515865474e-03
-5.951999999999999513e-01 2.646060029212791900e-03
-5.936000000000000165e-01 2.559568086846199849e-03
-5.919999999999999707e-01 2.472141032458812296e-03
-5.903999999999999249e-01 2.388741784932600469e-03
-5.887999999999999901e-01 2.307294100192097772e-03
-5.871999999999999442e-01 2.226642074603059438e-03
-5.856000000000000094e-01 2.150569192280238351e-03
-5.839999999999999636e-01 2.073295673546433210e-03
-5.824000000000000288e-01 2.003300609110656404e-03
-5.807999999999999829e-01 1.934862867649998156e-03
-5.791999999999999371e-01 1.867940123477020934e-03
-5.776000000000000023e-01 1.803693199404810899e-03
-5.759999999999999565e-01 1.742682825800699479e-03
-5.744000000000000217e-01 1.680444859007389647e-03
-5.727999999999999758e-01 1.624250877976103321e-03
-5.711999999999999300e-01 1.567595817616450424e-03
-5.695999999999999952e-01 1.511831839873006150e-03
-5.679999999999999494e-01 1.461802917855111253e-03
-5.664000000000000146e-01 1.410459686056009070e-03
-5.647999999999999687e-01 1.363580126514361574e-03
-5.631999999999999229e-01 1.316366005326119124e-03
-5.615999999999999881e-01 1.270282389003986974e-03
-5.599999999999999423e-01 1.226133303374705476e-03
-5.584000000000000075e-01 1.182367213587987064e-03
-5.567999999999999616e-01 1.140072686089760095e-03
-5.552000000000000268e-01 1.101516677613337703e-03
-5.535999999999999810e-01 1.063112148115784566e-03
-5.519999999999999352e-01 1.025219597991020590e-03
-5.504000000000000004e-01 9.905654008760169521e-04
-5.487999999999999545e-01 9.549921041810688219e-04
-5.472000000000000197e-01 9.218206898111533550e-04
-5.455999999999999739e-01 8.906118729818435263e-04
-5.439999999999999281e-01 8.599412240634049000e-04
-5.423999999999999932e-01 8.300486098551780817e-04
-5.407999999999999474e-01 7.977821811006915445e-04
-5.392000000000000126e-01 7.679554919513745638e-04
-5.375999999999999668e-01 7.408605484296803363e-04
-5.360000000000000320e-01 7.152985400961194744e-04
-5.343999999999999861e-01 6.908329210725014206e-04
-5.327999999999999403e-01 6.682865113641907155e-04
-5.312000000000000055e-01 6.460357424997875556e-04
-5.295999999999999597e-01 6.229107994584748547e-04
-5.280000000000000249e-01 6.010398480201721398e-04
-5.263999999999999790e-01 5.808254365523310512e-04
-5.247999999999999332e-01 5.600296419743848670e-04
-5.231999999999999984e-01 5.405166099283862258e-04
-5.215999999999999526e-01 5.214064995929428362e-04
-5.200000000000000178e-01 5.039024104248657253e-04
-5.183999999999999719e-01 4.859493022379694121e-04
-5.167999999999999261e-01 4.705725589373364577e-04
-5.151999999999999913e-01 4.554294894261826120e-04
-5.135999999999999455e-01 4.413884096264788647e-04
-5.120000000000000107e-01 4.265731398015867263e-04
-5.103999999999999648e-01 4.120130730387553558e-04
-5.087999999999999190e-01 3.984011272139026567e-04
-5.071999999999999842e-01 3.850470966128881150e-04
-5.055999999999999384e-01 3.720815265968454113e-04
-5.040000000000000036e-01 3.593480063358769753e-04
-5.023999999999999577e-01 3.464506481870900396e-04
-5.007999999999999119e-01 3.345533993968736672e-04
-5.000000000000000000e-01 3.289792926227626865e-04
-4.984999999999999987e-01 3.185971396417449980e-04
-4.969999999999999973e-01 3.090134033880645057e-04
-4.954999999999999960e-01 2.998144856587383494e-04
-4.939999999999999947e-01 2.904159367478128671e-04
-4.924999999999999933e-01 2.813662954942172190e-04
-4.909999999999999920e-01 2.725320938058722756e-04
-4.894999999999999907e-01 2.635540533832340764e-04
-4.879999999999999893e-01 2.553045224671853810e-04
-4.864999999999999880e-01 2.476467145881924045e-04
-4.849999999999999867e-01 2.398771460797047229e-04
-4.834999999999999853e-01 2.319159854555634154e-04
-4.819999999999999840e-01 2.247693236363264941e-04
-4.804999999999999827e-01 2.177456198069981888e-04
-4.789999999999999813e-01 2.110586840480407022e-04
-4.774999999999999800e-01 2.041469846649267641e-04
-4.759999999999999787e-01 1.980375717024024341e-04
-4.744999999999999774e-01 1.915625296728797685e-04
-4.729999999999999760e-01 1.854467615176795623e-04
-4.714999999999999747e-01 1.797255337208717699e-04
-4.699999999999999734e-01 1.742280287630085624e-04
-4.685000000000000275e-01 1.692713579502681397e-04
-4.669999999999999707e-01 1.645488719482865881e-04
-4.655000000000000249e-01 1.594909574575232105e-04
-4.639999999999999680e-01 1.547604042298347067e-04
-4.625000000000000222e-01 1.500443569017229670e-04
-4.610000000000000209e-01 1.454373814483578959e-04
-4.595000000000000195e-01 1.409842128705200974e-04
-4.580000000000000182e-01 1.366853211409193821e-04
-4.565000000000000169e-01 1.324505888210452743e-04
-4.550000000000000155e-01 1.283023957359294919e-04
-4.535000000000000142e-01 1.244283594845609563e-04
-4.520000000000000129e-01 1.206012293857137855e-04
-4.505000000000000115e-01 1.169068552608499970e-04
-4.490000000000000102e-01 1.131825076263164986e-04
-4.475000000000000089e-01 1.098201090529579097e-04
-4.460000000000000075e-01 1.066109932560659073e-04
-4.445000000000000062e-01 1.034657014083599546e-04
-4.430000000000000049e-01 1.004362869608802818e-04
-4.415000000000000036e-01 9.747568863128197299e-05
-4.400000000000000022e-01 9.442711372268107516e-05
-4.385000000000000009e-01 9.145151385472801700e-05
-4.369999999999999996e-01 8.866850588478526014e-05
-4.354999999999999982e-01 8.610049343613108551e-05
-4.339999999999999969e-01 8.367959304384491742e-05
-4.324999999999999956e-01 8.122468711989876003e-05
-4.309999999999999942e-01 7.869898489985628957e-05
-4.294999999999999929e-01 7.647539226080900113e-05
-4.279999999999999916e-01 7.414191171209258836e-05
-4.264999999999999902e-01 7.203286498960739738e-05
-4.249999999999999889e-01 6.970995084645667170e-05
-4.234999999999999876e-01 6.756749016413073202e-05
-4.219999999999999862e-01 6.556333203198168433e-05
-4.204999999999999849e-01 6.370501099686326507e-05
-4.189999999999999836e-01 6.185751348249265112e-05
-4.174999999999999822e-01 5.999213433705819182e-05
-4.159999999999999809e-01 5.826614742598563187e-05
-4.144999999999999796e-01 5.651056170722841169e-05
-4.129999999999999782e-01 5.499289213533401632e-05
-4.114999999999999769e-01 5.335727692601795565e-05
-4.100000000000000311e-01 5.179878831075109593e-05
-4.084999999999999742e-01 5.019909475282675817e-05
-4.070000000000000284e-01 4.874285374979575559e-05
-4.054999999999999716e-01 4.735016744138338256e-05
-4.040000000000000258e-01 4.601973901448535019e-05
-4.024999999999999689e-01 4.469387061970235569e-05
-4.010000000000000231e-01 4.329025156907184908e-05
-4.000000000000000222e-01 4.244573521897184208e-05
-3.986000000000000099e-01 4.129440074015026647e-05
-3.971999999999999975e-01 4.011491792990788842e-05
-3.958000000000000407e-01 3.914633241733571736e-05
-3.944000000000000283e-01 3.810704052133774284e-05
-3.930000000000000160e-01 3.711253905100226697e-05
-3.916000000000000036e-01 3.608656804284487822e-05
-3.902000000000000468e-01 3.518199678525684083e-05
-3.888000000000000345e-01 3.429605049711441600e-05
-3.874000000000000221e-01 3.341215499584867317e-05
-3.860000000000000098e-01 3.254000259967012329e-05
-3.845999999999999974e-01 3.168717241598572785e-05
-3.832000000000000406e-01 3.090500294915752964e-05
-3.818000000000000282e-01 3.007656326932769652e-05
-3.804000000000000159e-01 2.931144670274600527e-05
-3.790000000000000036e-01 2.852744013590595873e-05
-3.776000000000000467e-01 2.778254687524258628e-05
-3.762000000000000344e-01 2.706284994159255302e-05
-3.748000000000000220e-01 2.642399506290440657e-05
-3.734000000000000097e-01 2.573240991893591643e-05
-3.719999999999999973e-01 2.506960371777019976e-05
-3.706000000000000405e-01 2.443311662497892536e-05
-3.692000000000000282e-01 2.383242960231276046e-05
-3.678000000000000158e-01 2.323974622030541549e-05
-3.664000000000000035e-01 2.267118520130633442e-05
-3.650000000000000466e-01 2.209215558151395134e-05
-3.636000000000000343e-01 2.156868903990861690e-05
-3.622000000000000219e-01 2.103166432445613860e-05
-3.608000000000000096e-01 2.051812087932019724e-05
-3.594000000000000528e-01 1.997419604563447772e-05
-3.580000000000000404e-01 1.947835227991742132e-05
-3.566000000000000281e-01 1.901106213228437886e-05
-3.552000000000000157e-01 1.856884804108308555e-05
-3.538000000000000034e-01 1.813631399635328882e-05
-3.524000000000000465e-01 1.769866929298029626e-05
-3.510000000000000342e-01 1.724843404583883668e-05
-3.496000000000000218e-01 1.684308696228979758e-05
-3.482000000000000095e-01 1.643356562753906238e-05
-3.467999999999999972e-01 1.603104016813825138e-05
-3.454000000000000403e-01 1.564353293812376598e-05
-3.440000000000000280e-01 1.527737126361872124e-05
-3.426000000000000156e-01 1.491662488231085250e-05
-3.412000000000000033e-01 1.457097280277535208e-05
-3.398000000000000465e-01 1.423375058335091388e-05
-3.384000000000000341e-01 1.391901619244455966e-05
-3.370000000000000218e-01 1.358751012320998912e-05
-3.356000000000000094e-01 1.327180062364089643e-05
-3.342000000000000526e-01 1.297143460017252553e-05
-3.328000000000000402e-01 1.266964567684754783e-05
-3.314000000000000279e-01 1.236945421525914416e-05
-3.300000000000000155e-01 1.208298671047023589e-05
-3.286000000000000032e-01 1.180399972486270161e-05
-3.272000000000000464e-01 1.152507227553226312e-05
-3.258000000000000340e-01 1.124636363998943479e-05
-3.244000000000000217e-01 1.099716891978128450e-05
-3.230000000000000093e-01 1.075996733099809552e-05
-3.215999999999999970e-01 1.051348446569940367e-05
-3.202000000000000401e-01 1.028345994715695136e-05
-3.188000000000000278e-01 1.006346231988426310e-05
-3.174000000000000155e-01 9.828284644913316853e-06
-3.160000000000000031e-01 9.589899134387150709e-06
-3.145999999999999908e-01 9.382483527566423234e-06
-3.132000000000000339e-01 9.165506907481674097e-06
-3.118000000000000216e-01 8.959945237801298309e-06
-3.104000000000000092e-01 8.771718879242136011e-06
-3.090000000000000524e-01 8.579723194436483972e-06
-3.076000000000000401e-01 8.395260273556731992e-06
-3.062000000000000277e-01 8.218892368615153912e-06
-3.048000000000000154e-01 8.030301548510631389e-06
-3.034000000000000030e-01 7.853275975286013843e-06
-3.020000000000000462e-01 7.677024418188329937e-06
-3.006000000000000338e-01 7.509441444660540471e-06
-2.999999999999999889e-01 7.429175334905543070e-06
-2.986999999999999655e-01 7.283188901089443577e-06
-2.973999999999999977e-01 7.138581687161330018e-06
-2.960999999999999743e-01 6.991512300322641666e-06
-2.948000000000000065e-01 6.854202291282221536e-06
-2.934999999999999831e-01 6.718186287058254080e-06
-2.922000000000000153e-01 6.576891923051127021e-06
-2.908999999999999919e-01 6.447821994746448919e-06
-2.895999999999999686e-01 6.321768325302026916e-06
-2.883000000000000007e-01 6.200381978538891275e-06
-2.869999999999999774e-01 6.085508224248832643e-06
-2.857000000000000095e-01 5.962686157157420406e-06
-2.843999999999999861e-01 5.846829604325640862e-06
-2.831000000000000183e-01 5.734624248644875815e-06
-2.817999999999999949e-01 5.624756504665320346e-06
-2.804999999999999716e-01 5.519400836268625600e-06
-2.792000000000000037e-01 5.412009371624825952e-06
-2.778999999999999804e-01 5.311831401140222485e-06
-2.766000000000000125e-01 5.216011934008492352e-06
-2.752999999999999892e-01 5.113723758331411647e-06
-2.739999999999999658e-01 5.017524865659428403e-06
-2.726999999999999980e-01 4.922391061955762495e-06
-2.713999999999999746e-01 4.832194198363588471e-06
-2.701000000000000068e-01 4.744246920334227540e-06
-2.687999999999999834e-01 4.658156988813462460e-06
-2.674999999999999600e-01 4.572544075101858842e-06
-2.661999999999999922e-01 4.488372886027466092e-06
-2.648999999999999688e-01 4.409277833930708607e-06
-2.636000000000000010e-01 4.330424349259564983e-06
-2.622999999999999776e-01 4.252830989541438534e-06
-2.610000000000000098e-01 4.173696456201317934e-06
-2.596999999999999864e-01 4.093149648112896292e-06
-2.583999999999999631e-01 4.021769895527609977e-06
-2.570999999999999952e-01 3.947777021124258142e-06
-2.557999999999999718e-01 3.875787833035953617e-06
-2.545000000000000040e-01 3.808604565702631393e-06
-2.531999999999999806e-01 3.742459891598238239e-06
-2.519000000000000128e-01 3.678401032496060340e-06
-2.505999999999999894e-01 3.614758564732988996e-06
-2.492999999999999938e-01 3.549304332375999715e-06
-2.479999999999999982e-01 3.489166280442329983e-06
-2.466999999999999749e-01 3.431407451593592548e-06
-2.454000000000000070e-01 3.373057799341880139e-06
-2.440999999999999837e-01 3.315597138495689250e-06
-2.427999999999999881e-01 3.258041247273094215e-06
-2.414999999999999925e-01 3.205089589401609932e-06
-2.401999999999999968e-01 3.152751245243436185e-06
-2.389000000000000012e-01 3.097173402657220955e-06
-2.375999999999999779e-01 3.048125307962695390e-06
-2.363000000000000100e-01 2.994995233679262915e-06
-2.349999999999999867e-01 2.945807487758501463e-06
-2.336999999999999911e-01 2.894742414050037533e-06
-2.323999999999999955e-01 2.847370146206779760e-06
-2.310999999999999721e-01 2.802100145074171526e-06
-2.298000000000000043e-01 2.755830199642240612e-06
-2.284999999999999809e-01 2.708650580999018489e-06
-2.271999999999999853e-01 2.668991520372293778e-06
-2.258999999999999897e-01 2.627734794265879472e-06
-2.245999999999999941e-01 2.585938388567125837e-06
-2.232999999999999985e-01 2.544622408077082253e-06
-2.219999999999999751e-01 2.501496129847087514e-06
-2.207000000000000073e-01 2.464547849866793917e-06
-2.193999999999999839e-01 2.428828745245919418e-06
-2.180999999999999883e-01 2.389351480303504729e-06
-2.167999999999999927e-01 2.355149722415445798e-06
-2.154999999999999971e-01 2.321655477132617304e-06
-2.142000000000000015e-01 2.285001543434585843e-06
-2.128999999999999782e-01 2.250074590503615514e-06
-2.116000000000000103e-01 2.216797760885236699e-06
-2.102999999999999869e-01 2.185012619693996937e-06
-2.089999999999999913e-01 2.153937276041056052e-06
-2.076999999999999957e-01 2.123353760374047049e-06
-2.064000000000000001e-01 2.089391509528199865e-06
-2.051000000000000045e-01 2.064940939421145924e-06
-2.037999999999999812e-01 2.035814742678003247e-06
-2.025000000000000133e-01 2.010154650399386057e-06
-2.011999999999999900e-01 1.982588406247477148e-06
-1.998999999999999944e-01 1.953385896439409656e-06
-1.985999999999999988e-01 1.926021727884938097e-06
-1.972999999999999754e-01 1.901757064909641223e-06
-1.960000000000000075e-01 1.876400660318980120e-06
-1.946999999999999842e-01 1.851430963830279855e-06
-1.933999999999999886e-01 1.826456191813518194e-06
-1.920999999999999930e-01 1.800905590304057235e-06
-1.907999999999999974e-01 1.775147824373022092e-06
-1.895000000000000018e-01 1.751314631724734619e-06
-1.881999999999999784e-01 1.729670396239123658e-06
-1.869000000000000106e-01 1.704467500329391207e-06
-1.855999999999999872e-01 1.683146292476640715e-06
-1.842999999999999916e-01 1.660753271192655790e-06
-1.829999999999999960e-01 1.640198383772534223e-06
-1.817000000000000004e-01 1.614464145319834155e-06
-1.804000000000000048e-01 1.596238842139690490e-06
-1.790999999999999814e-01 1.573286170335708014e-06
-1.778000000000000136e-01 1.551730109323557861e-06
-1.764999999999999902e-01 1.534342754732663751e-06
-1.751999999999999946e-01 1.519452899266596154e-06
-1.738999999999999990e-01 1.500258451512529268e-06
-1.726000000000000034e-01 1.486592848001795902e-06
-1.713000000000000078e-01 1.468234896139284336e-06
-1.699999999999999845e-01 1.448693540588455455e-06
-1.686999999999999889e-01 1.429927434274051001e-06
-1.673999999999999932e-01 1.412407522742854450e-06
-1.660999999999999976e-01 1.395955790312477008e-06
-1.648000000000000020e-01 1.377716307606642802e-06
-1.635000000000000064e-01 1.360787299832598176e-06
-1.621999999999999831e-01 1.343759024382646251e-06
-1.608999999999999875e-01 1.328148320453775017e-06
-1.595999999999999919e-01 1.312731981733244674e-06
-1.582999999999999963e-01 1.295695355685801629e-06
-1.570000000000000007e-01 1.276524112547786145e-06
-1.557000000000000051e-01 1.262341642913493945e-06
-1.543999999999999817e-01 1.248400892242875092e-06
-1.530999999999999861e-01 1.235954167020655297e-06
-1.517999999999999905e-01 1.221382435105303547e-06
-1.504999999999999949e-01 1.208000556414568440e-06
-1.491999999999999993e-01 1.196170754841908483e-06
-1.479000000000000037e-01 1.181706032805188584e-06
-1.466000000000000081e-01 1.171069312674251523e-06
-1.452999999999999847e-01 1.160364569594303356e-06
-1.439999999999999891e-01 1.148787778847277573e-06
-1.426999999999999935e-01 1.137982955518831029e-06
-1.413999999999999979e-01 1.127008058952691812e-06
-1.401000000000000023e-01 1.117275514146907478e-06
-1.388000000000000067e-01 1.106285049020938418e-06
-1.374999999999999833e-01 1.096038217500363965e-06
-1.361999999999999877e-01 1.084196076964558015e-06
-1.348999999999999921e-01 1.073931686150272496e-06
-1.335999999999999965e-01 1.062730330154385645e-06
-1.323000000000000009e-01 1.053395141625278450e-06
-1.310000000000000053e-01 1.042314133287060609e-06
-1.297000000000000097e-01 1.032864711398659539e-06
-1.283999999999999864e-01 1.020292893088319859e-06
-1.270999999999999908e-01 1.011915172652401486e-06
-1.257999999999999952e-01 9.998695771826516636e-07
-1.244999999999999996e-01 9.922091794089205625e-07
-1.232000000000000040e-01 9.823372018363216382e-07
-1.219000000000000083e-01 9.751097438451343977e-07
-1.205999999999999850e-01 9.667195717262705558e-07
-1.192999999999999894e-01 9.579224718049788808e-07
-1.179999999999999938e-01 9.504353120253638925e-07
-1.166999999999999982e-01 9.420090197440290202e-07
-1.154000000000000026e-01 9.345884695337553877e-07
-1.141000000000000070e-01 9.287329031018580688e-07
-1.128000000000000114e-01 9.215618133681909950e-07
-1.114999999999999880e-01 9.136381903588181576e-07
-1.101999999999999924e-01 9.039113032104456144e-07
-1.088999999999999968e-01 8.957234147621415842e-07
-1.076000000000000012e-01 8.894312250692099911e-07
-1.063000000000000056e-01 8.833531917119606400e-07
-1.050000000000000100e-01 8.759238570263016301e-07
-1.036999999999999866e-01 8.701027000777256388e-07
-1.023999999999999910e-01 8.644186292304557053e-07
-1.010999999999999954e-01 8.581519065835572314e-07
-9.979999999999999982e-02 8.497260985347886571e-07
-9.850000000000000422e-02 8.432922977182880127e-07
-9.720000000000000862e-02 8.331125813831109034e-07
-9.589999999999998526e-02 8.265182678180302535e-07
-9.459999999999998965e-02 8.212406170877640767e-07
-9.329999999999999405e-02 8.152181987373778534e-07
-9.199999999999999845e-02 8.092413520517569884e-07
-9.070000000000000284e-02 8.043628358767345261e-07
-8.940000000000000724e-02 7.996970881799562448e-07
-8.810000000000001164e-02 7.939514839278014747e-07
-8.679999999999998828e-02 7.909026839579015262e-07
-8.549999999999999267e-02 7.854800214394685260e-07
-8.419999999999999707e-02 7.801009688231006350e-07
-8.290000000000000147e-02 7.756242153031426064e-07
-8.160000000000000586e-02 7.700587331490967093e-07
-8.030000000000001026e-02 7.654932091771357136e-07
-7.899999999999998690e-02 7.602923182757555250e-07
-7.769999999999999130e-02 7.562857062915000283e-07
-7.639999999999999569e-02 7.529254371748128542e-07
-7.510000000000000009e-02 7.482418142605127629e-07
-7.380000000000000449e-02 7.439643314084853315e-07
-7.250000000000000888e-02 7.388147939914756812e-07
-7.119999999999998552e-02 7.353788769873498944e-07
-6.989999999999998992e-02 7.314427118740891162e-07
-6.859999999999999432e-02 7.275471864272435075e-07
-6.729999999999999871e-02 7.232164614458818628e-07
-6.600000000000000311e-02 7.188879010254746844e-07
-6.470000000000000751e-02 7.146828433621035484e-07
-6.340000000000001190e-02 7.100782758977397862e-07
-6.209999999999998854e-02 7.064818447654549156e-07
-6.079999999999999294e-02 7.034865255922221985e-07
-5.949999999999999734e-02 7.001073176018666148e-07
-5.820000000000000173e-02 6.955801376752684360e-07
-5.690000000000000613e-02 6.922599163851935194e-07
-5.560000000000001052e-02 6.891755880926254525e-07
-5.429999999999998717e-02 6.853613599131484717e-07
-5.299999999999999156e-02 6.819462718072348009e-07
-5.169999999999999596e-02 6.801922379790496692e-07
-5.040000000000000036e-02 6.756360399676077812e-07
-4.909999999999997700e-02 6.734582667756211941e-07
-4.780000000000000915e-02 6.701208821312835335e-07
-4.649999999999998579e-02 6.677298327756284771e-07
-4.520000000000001794e-02 6.644943880535772945e-07
-4.389999999999999458e-02 6.630735779685435554e-07
-4.260000000000002673e-02 6.610323224909199041e-07
-4.130000000000000338e-02 6.583372633773120724e-07
-3.999999999999998002e-02 6.555508636542391140e-07
-3.870000000000001217e-02 6.532676353702325655e-07
-3.739999999999998881e-02 6.508996484527419480e-07
-3.610000000000002096e-02 6.483888308629985013e-07
-3.479999999999999760e-02 6.468244009859758817e-07
-3.349999999999997424e-02 6.439350211373286829e-07
-3.220000000000000639e-02 6.418651600692675837e-07
-3.089999999999998304e-02 6.394346712817620745e-07
-2.960000000000001519e-02 6.381511680308275344e-07
-2.829999999999999183e-02 6.352585778996172407e-07
-2.700000000000002398e-02 6.346874524905402280e-07
-2.570000000000000062e-02 6.324366319193360754e-07
-2.439999999999997726e-02 6.308437937318099943e-07
-2.310000000000000941e-02 6.286868066710565662e-07
-2.179999999999998606e-02 6.270337981036451585e-07
-2.050000000000001821e-02 6.249787330306379081e-07
-1.919999999999999485e-02 6.237100257747570048e-07
-1.790000000000002700e-02 6.221136006793393094e-07
-1.660000000000000364e-02 6.209466898694288342e-07
-1.529999999999998028e-02 6.202449651440102769e-07
-1.400000000000001243e-02 6.178282859518876257e-07
-1.269999999999998908e-02 6.168478046796550508e-07
-1.140000000000002123e-02 6.160539502250347860e-07
-1.009999999999999787e-02 6.149789539298523668e-07
-8.799999999999974509e-03 6.139383022777342536e-07
-7.500000000000006661e-03 6.132332237934367632e-07
-6.199999999999983302e-03 6.123306680951544297e-07
-4.900000000000015454e-03 6.109497085567988559e-07
-3.599999999999992095e-03 6.101789179199232730e-07
-2.300000000000024247e-03 6.092171782414257566e-07
-1.000000000000000888e-03 6.084753518857765818e-07
3.000000000000224709e-04 6.071261006131849367e-07
1.599999999999990319e-03 6.066589417293525198e-07
2.900000000000013678e-03 6.057909100195288136e-07
4.199999999999981526e-03 6.047394079710378497e-07
5.500000000000004885e-03 6.037697770951780195e-07
6.799999999999972733e-03 6.029769807783858175e-07
8.099999999999996092e-03 6.016123775400174830e-07
9.400000000000019451e-03 6.009836463901976019e-07
1.069999999999998730e-02 6.004569089662820292e-07
1.200000000000001066e-02 5.999329334614431129e-07
1.329999999999997851e-02 5.995281150367708256e-07
1.460000000000000187e-02 5.990309696029628444e-07
1.589999999999996971e-02 5.985693345572835283e-07
1.719999999999999307e-02 5.975247373064846288e-07
1.850000000000001643e-02 5.967218079748981320e-07
1.979999999999998428e-02 5.964732352579943002e-07
2.110000000000000764e-02 5.959810218225375666e-07
2.239999999999997549e-02 5.956081627471816602e-07
2.369999999999999885e-02 5.945333816664726806e-07
2.500000000000002220e-02 5.945333816664726806e-07
2.629999999999999005e-02 5.940707602211236444e-07
2.760000000000001341e-02 5.940255651816865937e-07
2.889999999999998126e-02 5.937148492855566187e-07
3.020000000000000462e-02 5.935905629271045440e-07
3.149999999999997247e-02 5.930815806972536745e-07
3.279999999999999583e-02 5.928132799869447465e-07
3.410000000000001918e-02 5.927422592106863576e-07
3.539999999999998703e-02 5.925806869446986817e-07
3.670000000000001039e-02 5.924386453921822215e-07
3.799999999999997824e-02 5.922522158545042153e-07
3.930000000000000160e-02 5.921101743019876493e-07
4.059999999999996945e-02 5.916767502868781259e-07
4.189999999999999281e-02 5.916057295106197370e-07
4.320000000000001616e-02 5.914192999729417308e-07
4.449999999999998401e-02 5.912772584204251648e-07
4.580000000000000737e-02 5.912772584204251648e-07
4.709999999999997522e-02 5.912772584204251648e-07
4.839999999999999858e-02 5.911352168679084928e-07
4.970000000000002194e-02 5.911352168679084928e-07
5.099999999999998979e-02 5.906262346380574116e-07
5.230000000000001315e-02 5.905433770657561343e-07
5.359999999999998099e-02 5.904812338865302028e-07
5.490000000000000435e-02 5.901971507814970707e-07
5.619999999999997220e-02 5.901971507814970707e-07
5.749999999999999556e-02 5.897000053476891955e-07
5.880000000000001892e-02 5.897000053476891955e-07
6.009999999999998677e-02 5.896289845714309124e-07
6.140000000000001013e-02 5.894632694268281462e-07
6.269999999999997797e-02 5.894011262476023206e-07
6.400000000000000133e-02 5.894011262476023206e-07
6.529999999999996918e-02 5.894011262476023206e-07
6.659999999999999254e-02 5.888211232414930622e-07
6.790000000000001590e-02 5.888211232414930622e-07
6.919999999999998375e-02 5.888211232414930622e-07
7.050000000000000711e-02 5.888211232414930622e-07
7.179999999999997495e-02 5.888211232414930622e-07
7.309999999999999831e-02 5.888211232414930622e-07
7.439999999999996616e-02 5.887589800622669189e-07
7.569999999999998952e-02 5.886761224899656417e-07
7.700000000000001288e-02 5.886761224899656417e-07
7.829999999999998073e-02 5.886761224899656417e-07
7.960000000000000409e-02 5.886761224899656417e-07
8.089999999999997193e-02 5.886761224899656417e-07
8.219999999999999529e-02 5.886761224899656417e-07
8.350000000000001865e-02 5.886761224899656417e-07
8.479999999999998650e-02 5.886761224899656417e-07
8.610000000000000986e-02 5.886761224899656417e-07
8.739999999999997771e-02 5.886761224899656417e-07
8.870000000000000107e-02 5.886761224899656417e-07
8.999999999999996891e-02 5.886761224899656417e-07
9.129999999999999227e-02 5.886761224899656417e-07
9.260000000000001563e-02 5.886761224899656417e-07
9.389999999999998348e-02 5.886208841084314569e-07
9.520000000000000684e-02 5.886208841084314569e-07
9.649999999999997469e-02 5.886208841084314569e-07
9.779999999999999805e-02 5.884078217796565019e-07
9.909999999999996589e-02 5.884078217796565019e-07
1.003999999999999893e-01 5.884078217796565019e-07
1.017000000000000126e-01 5.884078217796565019e-07
1.029999999999999805e-01 5.884078217796565019e-07
1.043000000000000038e-01 5.884078217796565019e-07
1.055999999999999717e-01 5.884078217796565019e-07
1.068999999999999950e-01 5.884078217796565019e-07
1.082000000000000184e-01 5.884078217796565019e-07
1.094999999999999862e-01 5.884078217796565019e-07
1.108000000000000096e-01 5.884078217796565019e-07
1.120999999999999774e-01 5.884078217796565019e-07
1.134000000000000008e-01 5.884078217796565019e-07
1.146999999999999686e-01 5.884078217796565019e-07
1.159999999999999920e-01 5.884078217796565019e-07
1.173000000000000154e-01 5.884078217796565019e-07
1.185999999999999832e-01 5.884078217796565019e-07
1.199000000000000066e-01 5.884078217796565019e-07
1.211999999999999744e-01 5.884078217796565019e-07
1.224999999999999978e-01 5.884078217796565019e-07
1.237999999999999656e-01 5.884078217796565019e-07
1.250999999999999890e-01 5.884078217796565019e-07
1.264000000000000123e-01 5.884078217796565019e-07
1.276999999999999802e-01 5.884078217796565019e-07
1.290000000000000036e-01 5.884078217796565019e-07
1.302999999999999714e-01 5.884078217796565019e-07
1.315999999999999948e-01 5.884078217796565019e-07
1.329000000000000181e-01 5.884078217796565019e-07
1.341999999999999860e-01 5.884078217796565019e-07
1.355000000000000093e-01 5.884078217796565019e-07
1.367999999999999772e-01 5.884078217796565019e-07
1.381000000000000005e-01 5.884078217796565019e-07
1.393999999999999684e-01 5.884078217796565019e-07
1.406999999999999917e-01 5.884078217796565019e-07
1.420000000000000151e-01 5.884078217796565019e-07
1.432999999999999829e-01 5.884078217796565019e-07
1.446000000000000063e-01 5.884078217796565019e-07
1.458999999999999742e-01 5.884078217796565019e-07
1.471999999999999975e-01 5.884078217796565019e-07
1.484999999999999654e-01 5.884078217796565019e-07
1.497999999999999887e-01 5.884078217796565019e-07
1.511000000000000121e-01 5.884078217796565019e-07
1.523999999999999799e-01 5.884078217796565019e-07
1.537000000000000033e-01 5.884078217796565019e-07
1.549999999999999711e-01 5.884078217796565019e-07
1.562999999999999945e-01 5.884078217796565019e-07
1.576000000000000179e-01 5.884078217796565019e-07
1.588999999999999857e-01 5.884078217796565019e-07
1.602000000000000091e-01 5.884078217796565019e-07
1.614999999999999769e-01 5.884078217796565019e-07
1.628000000000000003e-01 5.884078217796565019e-07
1.640999999999999681e-01 5.884078217796565019e-07
1.653999999999999915e-01 5.884078217796565019e-07
1.667000000000000148e-01 5.884078217796565019e-07
1.679999999999999827e-01 5.884078217796565019e-07
1.693000000000000060e-01 5.884078217796565019e-07
1.705999999999999739e-01 5.884078217796565019e-07
1.718999999999999972e-01 5.884078217796565019e-07
1.731999999999999651e-01 5.884078217796565019e-07
1.744999999999999885e-01 5.884078217796565019e-07
1.758000000000000118e-01 5.884078217796565019e-07
1.770999999999999797e-01 5.884078217796565019e-07
1.784000000000000030e-01 5.884078217796565019e-07
1.796999999999999709e-01 5.884078217796565019e-07
1.809999999999999942e-01 5.884078217796565019e-07
1.822999999999999621e-01 5.884078217796565019e-07
1.835999999999999854e-01 5.884078217796565019e-07
1.849000000000000088e-01 5.884078217796565019e-07
1.861999999999999766e-01 5.884078217796565019e-07
1.875000000000000000e-01 5.884078217796565019e-07
1.887999999999999678e-01 5.884078217796565019e-07
1.900999999999999912e-01 5.884078217796565019e-07
1.914000000000000146e-01 5.884078217796565019e-07
1.926999999999999824e-01 5.884078217796565019e-07
1.940000000000000058e-01 5.884078217796565019e-07
1.952999999999999736e-01 5.884078217796565019e-07
1.965999999999999970e-01 5.884078217796565019e-07
1.978999999999999648e-01 5.884078217796565019e-07
1.991999999999999882e-01 5.884078217796565019e-07
2.004999999999999560e-01 5.884078217796565019e-07
2.018000000000000349e-01 5.884078217796565019e-07
2.031000000000000028e-01 5.884078217796565019e-07
2.043999999999999706e-01 5.884078217796565019e-07
2.056999999999999384e-01 5.884078217796565019e-07
2.070000000000000173e-01 5.884078217796565019e-07
2.082999999999999852e-01 5.884078217796565019e-07
2.095999999999999530e-01 5.884078217796565019e-07
2.109000000000000319e-01 5.884078217796565019e-07
2.121999999999999997e-01 5.884078217796565019e-07
2.134999999999999676e-01 5.884078217796565019e-07
2.147999999999999354e-01 5.884078217796565019e-07
2.161000000000000143e-01 5.884078217796565019e-07
2.173999999999999821e-01 5.884078217796565019e-07
2.186999999999999500e-01 5.884078217796565019e-07
2.200000000000000289e-01 5.884078217796565019e-07
2.212999999999999967e-01 5.884078217796565019e-07
2.225999999999999646e-01 5.884078217796565019e-07
2.238999999999999324e-01 5.884078217796565019e-07
2.252000000000000113e-01 5.884078217796565019e-07
2.264999999999999791e-01 5.884078217796565019e-07
2.277999999999999470e-01 5.884078217796565019e-07
2.291000000000000258e-01 5.884078217796565019e-07
2.303999999999999937e-01 5.884078217796565019e-07
2.316999999999999615e-01 5.884078217796565019e-07
2.330000000000000404e-01 5.884078217796565019e-07
2.343000000000000083e-01 5.884078217796565019e-07
2.355999999999999761e-01 5.884078217796565019e-07
2.368999999999999440e-01 5.884078217796565019e-07
2.382000000000000228e-01 5.884078217796565019e-07
2.394999999999999907e-01 5.884078217796565019e-07
2.407999999999999585e-01 5.884078217796565019e-07
2.421000000000000374e-01 5.884078217796565019e-07
2.434000000000000052e-01 5.884078217796565019e-07
2.446999999999999731e-01 5.884078217796565019e-07
2.459999999999999409e-01 5.884078217796565019e-07
2.473000000000000198e-01 5.884078217796565019e-07
2.485999999999999877e-01 5.884078217796565019e-07
2.498999999999999555e-01 5.884078217796565019e-07
2.512000000000000344e-01 5.884078217796565019e-07
2.525000000000000022e-01 5.884078217796565019e-07
2.537999999999999701e-01 5.884078217796565019e-07
2.550999999999999379e-01 5.884078217796565019e-07
2.564000000000000168e-01 5.884078217796565019e-07
2.576999999999999846e-01 5.884078217796565019e-07
2.589999999999999525e-01 5.884078217796565019e-07
2.603000000000000314e-01 5.884078217796565019e-07
2.615999999999999992e-01 5.884078217796565019e-07
2.628999999999999670e-01 5.884078217796565019e-07
2.641999999999999349e-01 5.884078217796565019e-07
2.655000000000000138e-01 5.884078217796565019e-07
2.667999999999999816e-01 5.884078217796565019e-07
2.680999999999999495e-01 5.884078217796565019e-07
2.694000000000000283e-01 5.884078217796565019e-07
2.706999999999999962e-01 5.884078217796565019e-07
2.719999999999999640e-01 5.884078217796565019e-07
2.732999999999999319e-01 5.884078217796565019e-07
2.746000000000000107e-01 5.884078217796565019e-07
2.758999999999999786e-01 5.884078217796565019e-07
2.771999999999999464e-01 5.884078217796565019e-07
2.785000000000000253e-01 5.884078217796565019e-07
2.797999999999999932e-01 5.884078217796565019e-07
2.810999999999999610e-01 5.884078217796565019e-07
2.824000000000000399e-01 5.884078217796565019e-07
2.837000000000000077e-01 5.884078217796565019e-07
2.849999999999999756e-01 5.884078217796565019e-07
2.862999999999999434e-01 5.884078217796565019e-07
2.876000000000000223e-01 5.884078217796565019e-07
2.888999999999999901e-01 5.884078217796565019e-07
2.901999999999999580e-01 5.884078217796565019e-07
2.915000000000000369e-01 5.884078217796565019e-07
2.928000000000000047e-01 5.884078217796565019e-07
2.940999999999999726e-01 5.884078217796565019e-07
2.953999999999999404e-01 5.884078217796565019e-07
2.967000000000000193e-01 5.884078217796565019e-07
2.979999999999999871e-01 5.884078217796565019e-07
2.992999999999999550e-01 5.884078217796565019e-07
3.006000000000000338e-01 5.884078217796565019e-07
3.019000000000000017e-01 5.884078217796565019e-07
3.031999999999999695e-01 5.884078217796565019e-07
3.044999999999999374e-01 5.884078217796565019e-07
3.058000000000000163e-01 5.884078217796565019e-07
3.070999999999999841e-01 5.884078217796565019e-07
3.083999999999999519e-01 5.884078217796565019e-07
3.097000000000000308e-01 5.884078217796565019e-07
3.109999999999999987e-01 5.884078217796565019e-07
3.122999999999999665e-01 5.884078217796565019e-07
3.135999999999999344e-01 5.884078217796565019e-07
3.149000000000000132e-01 5.884078217796565019e-07
3.161999999999999811e-01 5.884078217796565019e-07
3.174999999999999489e-01 5.884078217796565019e-07
3.188000000000000278e-01 5.884078217796565019e-07
3.200999999999999956e-01 5.884078217796565019e-07
3.213999999999999635e-01 5.884078217796565019e-07
3.226999999999999313e-01 5.884078217796565019e-07
3.240000000000000102e-01 5.884078217796565019e-07
3.252999999999999781e-01 5.884078217796565019e-07
3.265999999999999459e-01 5.884078217796565019e-07
3.279000000000000248e-01 5.884078217796565019e-07
3.291999999999999926e-01 5.884078217796565019e-07
3.304999999999999605e-01 5.884078217796565019e-07
3.317999999999999283e-01 5.884078217796565019e-07
3.331000000000000072e-01 5.884078217796565019e-07
3.343999999999999750e-01 5.884078217796565019e-07
3.356999999999999429e-01 5.884078217796565019e-07
3.370000000000000218e-01 5.884078217796565019e-07
3.382999999999999896e-01 5.884078217796565019e-07
3.395999999999999575e-01 5.884078217796565019e-07
3.409000000000000363e-01 5.884078217796565019e-07
3.422000000000000042e-01 5.884078217796565019e-07
3.434999999999999720e-01 5.884078217796565019e-07
3.447999999999999399e-01 5.884078217796565019e-07
3.461000000000000187e-01 5.884078217796565019e-07
3.473999999999999866e-01 5.884078217796565019e-07
3.486999999999999544e-01 5.884078217796565019e-07
3.500000000000000333e-01 5.884078217796565019e-07
3.513000000000000012e-01 5.884078217796565019e-07
3.525999999999999690e-01 5.884078217796565019e-07
3.538999999999999369e-01 5.884078217796565019e-07
3.552000000000000157e-01 5.884078217796565019e-07
3.564999999999999836e-01 5.884078217796565019e-07
3.577999999999999514e-01 5.884078217796565019e-07
3.591000000000000303e-01 5.884078217796565019e-07
3.603999999999999981e-01 5.884078217796565019e-07
3.616999999999999660e-01 5.884078217796565019e-07
3.629999999999999338e-01 5.884078217796565019e-07
3.643000000000000127e-01 5.884078217796565019e-07
3.655999999999999805e-01 5.884078217796565019e-07
3.668999999999999484e-01 5.884078217796565019e-07
3.682000000000000273e-01 5.884078217796565019e-07
3.694999999999999951e-01 5.884078217796565019e-07
3.707999999999999630e-01 5.884078217796565019e-07
3.720999999999999308e-01 5.884078217796565019e-07
3.734000000000000097e-01 5.884078217796565019e-07
3.746999999999999775e-01 5.884078217796565019e-07
3.759999999999999454e-01 5.884078217796565019e-07
3.773000000000000242e-01 5.884078217796565019e-07
3.785999999999999921e-01 5.884078217796565019e-07
3.798999999999999599e-01 5.884078217796565019e-07
3.811999999999999278e-01 5.884078217796565019e-07
3.825000000000000067e-01 5.884078217796565019e-07
3.837999999999999745e-01 5.884078217796565019e-07
3.850999999999999424e-01 5.884078217796565019e-07
3.864000000000000212e-01 5.884078217796565019e-07
3.876999999999999891e-01 5.884078217796565019e-07
3.889999999999999569e-01 5.884078217796565019e-07
3.902999999999999248e-01 5.884078217796565019e-07
3.916000000000000036e-01 5.884078217796565019e-07
3.928999999999999715e-01 5.884078217796565019e-07
3.941999999999999393e-01 5.884078217796565019e-07
3.955000000000000182e-01 5.884078217796565019e-07
3.967999999999999861e-01 5.884078217796565019e-07
3.980999999999999539e-01 5.884078217796565019e-07
3.994000000000000328e-01 5.884078217796565019e-07
4.007000000000000006e-01 5.884078217796565019e-07
4.019999999999999685e-01 5.884078217796565019e-07
4.032999999999999363e-01 5.884078217796565019e-07
4.046000000000000152e-01 5.884078217796565019e-07
4.058999999999999830e-01 5.884078217796565019e-07
4.071999999999999509e-01 5.884078217796565019e-07
4.085000000000000298e-01 5.884078217796565019e-07
4.097999999999999976e-01 5.884078217796565019e-07
4.110999999999999654e-01 5.884078217796565019e-07
4.123999999999999333e-01 5.884078217796565019e-07
4.137000000000000122e-01 5.884078217796565019e-07
4.149999999999999800e-01 5.884078217796565019e-07
4.162999999999999479e-01 5.884078217796565019e-07
4.176000000000000267e-01 5.884078217796565019e-07
4.188999999999999946e-01 5.884078217796565019e-07
4.201999999999999624e-01 5.884078217796565019e-07
4.214999999999999303e-01 5.884078217796565019e-07
4.228000000000000091e-01 5.884078217796565019e-07
4.240999999999999770e-01 5.884078217796565019e-07
4.253999999999999448e-01 5.884078217796565019e-07
4.267000000000000237e-01 5.884078217796565019e-07
4.279999999999999916e-01 5.884078217796565019e-07
4.292999999999999594e-01 5.884078217796565019e-07
4.305999999999999273e-01 5.884078217796565019e-07
4.319000000000000061e-01 5.884078217796565019e-07
4.331999999999999740e-01 5.884078217796565019e-07
4.344999999999999418e-01 5.884078217796565019e-07
4.358000000000000207e-01 5.884078217796565019e-07
4.370999999999999885e-01 5.884078217796565019e-07
4.383999999999999564e-01 5.884078217796565019e-07
4.396999999999999242e-01 5.884078217796565019e-07
4.410000000000000031e-01 5.884078217796565019e-07
4.422999999999999710e-01 5.884078217796565019e-07
4.435999999999999388e-01 5.884078217796565019e-07
4.449000000000000177e-01 5.884078217796565019e-07
4.461999999999999855e-01 5.884078217796565019e-07
4.474999999999999534e-01 5.884078217796565019e-07
4.487999999999999212e-01 5.884078217796565019e-07
4.501000000000000001e-01 5.884078217796565019e-07
4.513999999999999679e-01 5.884078217796565019e-07
4.526999999999999358e-01 5.884078217796565019e-07
4.540000000000000147e-01 5.884078217796565019e-07
4.552999999999999825e-01 5.884078217796565019e-07
4.565999999999999504e-01 5.884078217796565019e-07
4.579000000000000292e-01 5.884078217796565019e-07
4.591999999999999971e-01 5.884078217796565019e-07
4.604999999999999649e-01 5.884078217796565019e-07
4.617999999999999328e-01 5.884078217796565019e-07
4.631000000000000116e-01 5.884078217796565019e-07
4.643999999999999795e-01 5.884078217796565019e-07
4.656999999999999473e-01 5.884078217796565019e-07
4.670000000000000262e-01 5.884078217796565019e-07
4.682999999999999940e-01 5.884078217796565019e-07
4.695999999999999619e-01 5.884078217796565019e-07
4.708999999999999297e-01 5.884078217796565019e-07
4.722000000000000086e-01 5.884078217796565019e-07
4.734999999999999765e-01 5.884078217796565019e-07
4.747999999999999443e-01 5.884078217796565019e-07
4.761000000000000232e-01 5.884078217796565019e-07
4.773999999999999910e-01 5.884078217796565019e-07
4.786999999999999589e-01 5.884078217796565019e-07
4.799999999999999267e-01 5.884078217796565019e-07
4.813000000000000056e-01 5.884078217796565019e-07
4.825999999999999734e-01 5.884078217796565019e-07
4.838999999999999413e-01 5.884078217796565019e-07
4.852000000000000202e-01 5.884078217796565019e-07
4.864999999999999880e-01 5.884078217796565019e-07
4.877999999999999559e-01 5.884078217796565019e-07
4.890999999999999237e-01 5.884078217796565019e-07
4.904000000000000026e-01 5.884078217796565019e-07
4.916999999999999704e-01 5.884078217796565019e-07
4.929999999999999383e-01 5.884078217796565019e-07
4.943000000000000171e-01 5.884078217796565019e-07
4.955999999999999850e-01 5.884078217796565019e-07
4.968999999999999528e-01 5.884078217796565019e-07
4.981999999999999207e-01 5.884078217796565019e-07
4.994999999999999996e-01 5.884078217796565019e-07
5.007999999999999119e-01 5.884078217796565019e-07
5.020999999999999908e-01 5.884078217796565019e-07
5.034000000000000696e-01 5.884078217796565019e-07
5.046999999999999265e-01 5.884078217796565019e-07
5.060000000000000053e-01 5.884078217796565019e-07
5.073000000000000842e-01 5.884078217796565019e-07
5.085999999999999410e-01 5.884078217796565019e-07
5.099000000000000199e-01 5.884078217796565019e-07
5.111999999999998767e-01 5.884078217796565019e-07
5.124999999999999556e-01 5.884078217796565019e-07
5.138000000000000345e-01 5.884078217796565019e-07
5.150999999999998913e-01 5.884078217796565019e-07
5.163999999999999702e-01 5.884078217796565019e-07
5.177000000000000490e-01 5.884078217796565019e-07
5.189999999999999059e-01 5.884078217796565019e-07
5.202999999999999847e-01 5.884078217796565019e-07
5.216000000000000636e-01 5.884078217796565019e-07
5.228999999999999204e-01 5.884078217796565019e-07
5.241999999999999993e-01 5.884078217796565019e-07
5.255000000000000782e-01 5.884078217796565019e-07
5.267999999999999350e-01 5.884078217796565019e-07
5.281000000000000139e-01 5.884078217796565019e-07
5.293999999999998707e-01 5.884078217796565019e-07
5.306999999999999496e-01 5.884078217796565019e-07
5.320000000000000284e-01 5.884078217796565019e-07
5.332999999999998852e-01 5.884078217796565019e-07
5.345999999999999641e-01 5.884078217796565019e-07
5.359000000000000430e-01 5.884078217796565019e-07
5.371999999999998998e-01 5.884078217796565019e-07
5.384999999999999787e-01 5.884078217796565019e-07
5.398000000000000576e-01 5.884078217796565019e-07
5.410999999999999144e-01 5.884078217796565019e-07
5.423999999999999932e-01 5.884078217796565019e-07
5.437000000000000721e-01 5.884078217796565019e-07
5.449999999999999289e-01 5.884078217796565019e-07
5.463000000000000078e-01 5.884078217796565019e-07
5.475999999999998646e-01 5.884078217796565019e-07
5.488999999999999435e-01 5.884078217796565019e-07
5.502000000000000224e-01 5.884078217796565019e-07
5.514999999999998792e-01 5.884078217796565019e-07
5.527999999999999581e-01 5.884078217796565019e-07
5.541000000000000369e-01 5.884078217796565019e-07
5.553999999999998938e-01 5.884078217796565019e-07
5.566999999999999726e-01 5.884078217796565019e-07
5.580000000000000515e-01 5.884078217796565019e-07
5.592999999999999083e-01 5.884078217796565019e-07
5.605999999999999872e-01 5.884078217796565019e-07
5.619000000000000661e-01 5.884078217796565019e-07
5.631999999999999229e-01 5.884078217796565019e-07
5.645000000000000018e-01 5.884078217796565019e-07
5.658000000000000806e-01 5.884078217796565019e-07
5.670999999999999375e-01 5.884078217796565019e-07
5.684000000000000163e-01 5.884078217796565019e-07
5.696999999999998732e-01 5.884078217796565019e-07
5.709999999999999520e-01 5.884078217796565019e-07
5.723000000000000309e-01 5.884078217796565019e-07
5.735999999999998877e-01 5.884078217796565019e-07
5.748999999999999666e-01 5.884078217796565019e-07
5.762000000000000455e-01 5.884078217796565019e-07
5.774999999999999023e-01 5.884078217796565019e-07
5.787999999999999812e-01 5.884078217796565019e-07
5.801000000000000600e-01 5.884078217796565019e-07
5.813999999999999169e-01 5.884078217796565019e-07
5.826999999999999957e-01 5.884078217796565019e-07
5.840000000000000746e-01 5.884078217796565019e-07
5.852999999999999314e-01 5.884078217796565019e-07
5.866000000000000103e-01 5.884078217796565019e-07
5.878999999999998671e-01 5.884078217796565019e-07
5.891999999999999460e-01 5.884078217796565019e-07
5.905000000000000249e-01 5.884078217796565019e-07
5.917999999999998817e-01 5.884078217796565019e-07
5.930999999999999606e-01 5.884078217796565019e-07
5.944000000000000394e-01 5.884078217796565019e-07
5.956999999999998963e-01 5.884078217796565019e-07
5.969999999999999751e-01 5.884078217796565019e-07
5.983000000000000540e-01 5.884078217796565019e-07
5.995999999999999108e-01 5.884078217796565019e-07
6.008999999999999897e-01 5.884078217796565019e-07
6.022000000000000686e-01 5.884078217796565019e-07
6.034999999999999254e-01 5.884078217796565019e-07
6.048000000000000043e-01 5.884078217796565019e-07
6.060999999999998611e-01 5.884078217796565019e-07
6.073999999999999400e-01 5.884078217796565019e-07
6.087000000000000188e-01 5.884078217796565019e-07
6.099999999999998757e-01 5.884078217796565019e-07
6.112999999999999545e-01 5.884078217796565019e-07
6.126000000000000334e-01 5.884078217796565019e-07
6.138999999999998902e-01 5.884078217796565019e-07
6.151999999999999691e-01 5.884078217796565019e-07
6.165000000000000480e-01 5.884078217796565019e-07
6.177999999999999048e-01 5.884078217796565019e-07
6.190999999999999837e-01 5.884078217796565019e-07
6.204000000000000625e-01 5.884078217796565019e-07
6.216999999999999194e-01 5.884078217796565019e-07
6.229999999999999982e-01 5.884078217796565019e-07
6.243000000000000771e-01 5.884078217796565019e-07
6.255999999999999339e-01 5.884078217796565019e-07
6.269000000000000128e-01 5.884078217796565019e-07
6.281999999999998696e-01 5.884078217796565019e-07
6.294999999999999485e-01 5.884078217796565019e-07
6.308000000000000274e-01 5.884078217796565019e-07
6.320999999999998842e-01 5.884078217796565019e-07
6.333999999999999631e-01 5.884078217796565019e-07
6.347000000000000419e-01 5.884078217796565019e-07
6.359999999999998987e-01 5.884078217796565019e-07
6.372999999999999776e-01 5.884078217796565019e-07
6.386000000000000565e-01 5.884078217796565019e-07
6.398999999999999133e-01 5.884078217796565019e-07
6.411999999999999922e-01 5.884078217796565019e-07
6.425000000000000711e-01 5.884078217796565019e-07
6.437999999999999279e-01 5.884078217796565019e-07
6.451000000000000068e-01 5.884078217796565019e-07
6.463999999999998636e-01 5.884078217796565019e-07
6.476999999999999424e-01 5.884078217796565019e-07
6.490000000000000213e-01 5.884078217796565019e-07
6.502999999999998781e-01 5.884078217796565019e-07
6.515999999999999570e-01 5.884078217796565019e-07
6.529000000000000359e-01 5.884078217796565019e-07
6.541999999999998927e-01 5.884078217796565019e-07
6.554999999999999716e-01 5.884078217796565019e-07
6.568000000000000504e-01 5.884078217796565019e-07
6.580999999999999073e-01 5.884078217796565019e-07
6.593999999999999861e-01 5.884078217796565019e-07
6.607000000000000650e-01 5.884078217796565019e-07
6.619999999999999218e-01 5.884078217796565019e-07
6.633000000000000007e-01 5.884078217796565019e-07
6.645999999999998575e-01 5.884078217796565019e-07
6.658999999999999364e-01 5.884078217796565019e-07
6.672000000000000153e-01 5.884078217796565019e-07
6.684999999999998721e-01 5.884078217796565019e-07
6.697999999999999510e-01 5.884078217796565019e-07
6.711000000000000298e-01 5.884078217796565019e-07
6.723999999999998867e-01 5.884078217796565019e-07
6.736999999999999655e-01 5.884078217796565019e-07
6.750000000000000444e-01 5.884078217796565019e-07
6.762999999999999012e-01 5.884078217796565019e-07
6.775999999999999801e-01 5.884078217796565019e-07
6.789000000000000590e-01 5.884078217796565019e-07
6.801999999999999158e-01 5.884078217796565019e-07
6.814999999999999947e-01 5.884078217796565019e-07
6.828000000000000735e-01 5.884078217796565019e-07
6.840999999999999304e-01 5.884078217796565019e-07
6.854000000000000092e-01 5.884078217796565019e-07
6.866999999999998661e-01 5.884078217796565019e-07
6.879999999999999449e-01 5.884078217796565019e-07
6.893000000000000238e-01 5.884078217796565019e-07
6.905999999999998806e-01 5.884078217796565019e-07
6.918999999999999595e-01 5.884078217796565019e-07
6.932000000000000384e-01 5.884078217796565019e-07
6.944999999999998952e-01 5.884078217796565019e-07
6.957999999999999741e-01 5.884078217796565019e-07
6.971000000000000529e-01 5.884078217796565019e-07
6.983999999999999098e-01 5.884078217796565019e-07
6.996999999999999886e-01 5.884078217796565019e-07
7.009999999999998455e-01 5.884078217796565019e-07
7.022999999999999243e-01 5.884078217796565019e-07
7.036000000000000032e-01 5.884078217796565019e-07
7.048999999999998600e-01 5.884078217796565019e-07
7.061999999999999389e-01 5.884078217796565019e-07
7.075000000000000178e-01 5.884078217796565019e-07
7.087999999999998746e-01 5.884078217796565019e-07
7.100999999999999535e-01 5.884078217796565019e-07
7.113999999999998103e-01 5.884078217796565019e-07
7.126999999999998892e-01 5.884078217796565019e-07
7.139999999999999680e-01 5.884078217796565019e-07
7.152999999999998249e-01 5.884078217796565019e-07
7.165999999999999037e-01 5.884078217796565019e-07
7.178999999999999826e-01 5.884078217796565019e-07
7.191999999999998394e-01 5.884078217796565019e-07
7.204999999999999183e-01 5.884078217796565019e-07
7.217999999999999972e-01 5.884078217796565019e-07
7.230999999999998540e-01 5.884078217796565019e-07
7.243999999999999329e-01 5.884078217796565019e-07
7.257000000000000117e-01 5.884078217796565019e-07
7.269999999999998685e-01 5.884078217796565019e-07
7.282999999999999474e-01 5.884078217796565019e-07
7.295999999999998042e-01 5.884078217796565019e-07
7.308999999999998831e-01 5.884078217796565019e-07
7.321999999999999620e-01 5.884078217796565019e-07
7.334999999999998188e-01 5.884078217796565019e-07
7.347999999999998977e-01 5.884078217796565019e-07
7.360999999999999766e-01 5.884078217796565019e-07
7.373999999999998334e-01 5.884078217796565019e-07
7.386999999999999122e-01 5.884078217796565019e-07
7.399999999999999911e-01 5.884078217796565019e-07
7.412999999999998479e-01 5.884078217796565019e-07
7.425999999999999268e-01 5.884078217796565019e-07
7.439000000000000057e-01 5.884078217796565019e-07
7.451999999999998625e-01 5.884078217796565019e-07
7.464999999999999414e-01 5.884078217796565019e-07
7.477999999999997982e-01 5.884078217796565019e-07
7.490999999999998771e-01 5.884078217796565019e-07
7.503999999999999559e-01 5.884078217796565019e-07
7.516999999999998128e-01 5.884078217796565019e-07
7.529999999999998916e-01 5.884078217796565019e-07
7.542999999999999705e-01 5.884078217796565019e-07
7.555999999999998273e-01 5.884078217796565019e-07
7.568999999999999062e-01 5.884078217796565019e-07
7.581999999999999851e-01 5.884078217796565019e-07
7.594999999999998419e-01 5.884078217796565019e-07
7.607999999999999208e-01 5.884078217796565019e-07
7.620999999999999996e-01 5.884078217796565019e-07
7.633999999999998565e-01 5.884078217796565019e-07
7.646999999999999353e-01 5.884078217796565019e-07
7.660000000000000142e-01 5.884078217796565019e-07
7.672999999999998710e-01 5.884078217796565019e-07
7.685999999999999499e-01 5.884078217796565019e-07
7.698999999999998067e-01 5.884078217796565019e-07
7.711999999999998856e-01 5.884078217796565019e-07
7.724999999999999645e-01 5.884078217796565019e-07
7.737999999999998213e-01 5.884078217796565019e-07
7.750999999999999002e-01 5.884078217796565019e-07
7.763999999999999790e-01 5.884078217796565019e-07
7.776999999999998359e-01 5.884078217796565019e-07
7.789999999999999147e-01 5.884078217796565019e-07
7.802999999999999936e-01 5.884078217796565019e-07
7.815999999999998504e-01 5.884078217796565019e-07
7.828999999999999293e-01 5.884078217796565019e-07
7.842000000000000082e-01 5.884078217796565019e-07
7.854999999999998650e-01 5.884078217796565019e-07
7.867999999999999439e-01 5.884078217796565019e-07
7.880999999999998007e-01 5.884078217796565019e-07
7.893999999999998796e-01 5.884078217796565019e-07
7.906999999999999584e-01 5.884078217796565019e-07
7.919999999999998153e-01 5.884078217796565019e-07
7.932999999999998941e-01 5.884078217796565019e-07
7.945999999999999730e-01 5.884078217796565019e-07
7.958999999999998298e-01 5.884078217796565019e-07
7.971999999999999087e-01 5.884078217796565019e-07
7.984999999999999876e-01 5.884078217796565019e-07
7.997999999999998444e-01 5.884078217796565019e-07
8.010999999999999233e-01 5.884078217796565019e-07
8.024000000000000021e-01 5.884078217796565019e-07
8.036999999999998590e-01 5.884078217796565019e-07
8.049999999999999378e-01 5.884078217796565019e-07
8.062999999999997947e-01 5.884078217796565019e-07
8.075999999999998735e-01 5.884078217796565019e-07
8.088999999999999524e-01 5.884078217796565019e-07
8.101999999999998092e-01 5.884078217796565019e-07
8.114999999999998881e-01 5.884078217796565019e-07
8.127999999999999670e-01 5.884078217796565019e-07
8.140999999999998238e-01 5.884078217796565019e-07
8.153999999999999027e-01 5.884078217796565019e-07
8.166999999999999815e-01 5.884078217796565019e-07
8.179999999999998384e-01 5.884078217796565019e-07
8.192999999999999172e-01 5.884078217796565019e-07
8.205999999999999961e-01 5.884078217796565019e-07
8.218999999999998529e-01 5.884078217796565019e-07
8.231999999999999318e-01 5.884078217796565019e-07
8.245000000000000107e-01 5.884078217796565019e-07
8.257999999999998675e-01 5.884078217796565019e-07
8.270999999999999464e-01 5.884078217796565019e-07
8.283999999999998032e-01 5.884078217796565019e-07
8.296999999999998820e-01 5.884078217796565019e-07
8.309999999999999609e-01 5.884078217796565019e-07
8.322999999999998177e-01 5.884078217796565019e-07
8.335999999999998966e-01 5.884078217796565019e-07
8.348999999999999755e-01 5.884078217796565019e-07
8.361999999999998323e-01 5.884078217796565019e-07
8.374999999999999112e-01 5.884078217796565019e-07
8.387999999999999901e-01 5.884078217796565019e-07
8.400999999999998469e-01 5.884078217796565019e-07
8.413999999999999257e-01 5.884078217796565019e-07
8.427000000000000046e-01 5.884078217796565019e-07
8.439999999999998614e-01 5.884078217796565019e-07
8.452999999999999403e-01 5.884078217796565019e-07
8.465999999999997971e-01 5.884078217796565019e-07
8.478999999999998760e-01 5.884078217796565019e-07
8.491999999999999549e-01 5.884078217796565019e-07
8.504999999999998117e-01 5.884078217796565019e-07
8.517999999999998906e-01 5.884078217796565019e-07
8.530999999999999694e-01 5.884078217796565019e-07
8.543999999999998263e-01 5.884078217796565019e-07
8.556999999999999051e-01 5.884078217796565019e-07
8.569999999999999840e-01 5.884078217796565019e-07
8.582999999999998408e-01 5.884078217796565019e-07
8.595999999999999197e-01 5.884078217796565019e-07
8.608999999999999986e-01 5.884078217796565019e-07
8.621999999999998554e-01 5.884078217796565019e-07
8.634999999999999343e-01 5.884078217796565019e-07
8.648000000000000131e-01 5.884078217796565019e-07
8.660999999999998700e-01 5.884078217796565019e-07
8.673999999999999488e-01 5.884078217796565019e-07
8.686999999999998057e-01 5.884078217796565019e-07
8.699999999999998845e-01 5.884078217796565019e-07
8.712999999999999634e-01 5.884078217796565019e-07
8.725999999999998202e-01 5.884078217796565019e-07
8.738999999999998991e-01 5.884078217796565019e-07
8.751999999999999780e-01 5.884078217796565019e-07
8.764999999999998348e-01 5.884078217796565019e-07
8.777999999999999137e-01 5.884078217796565019e-07
8.790999999999999925e-01 5.884078217796565019e-07
8.803999999999998494e-01 5.884078217796565019e-07
8.816999999999999282e-01 5.884078217796565019e-07
8.830000000000000071e-01 5.884078217796565019e-07
8.842999999999998639e-01 5.884078217796565019e-07
8.855999999999999428e-01 5.884078217796565019e-07
8.868999999999997996e-01 5.884078217796565019e-07
8.881999999999998785e-01 5.884078217796565019e-07
8.894999999999999574e-01 5.884078217796565019e-07
8.907999999999998142e-01 5.884078217796565019e-07
8.920999999999998931e-01 5.884078217796565019e-07
8.933999999999999719e-01 5.884078217796565019e-07
8.946999999999998288e-01 5.884078217796565019e-07
8.959999999999999076e-01 5.884078217796565019e-07
8.972999999999999865e-01 5.884078217796565019e-07
8.985999999999998433e-01 5.884078217796565019e-07
8.998999999999999222e-01 5.884078217796565019e-07
9.012000000000000011e-01 5.884078217796565019e-07
9.024999999999998579e-01 5.884078217796565019e-07
9.037999999999999368e-01 5.884078217796565019e-07
9.050999999999997936e-01 5.884078217796565019e-07
9.063999999999998725e-01 5.884078217796565019e-07
9.076999999999999513e-01 5.884078217796565019e-07
9.089999999999998082e-01 5.884078217796565019e-07
9.102999999999998870e-01 5.884078217796565019e-07
9.115999999999999659e-01 5.884078217796565019e-07
9.128999999999998227e-01 5.884078217796565019e-07
9.141999999999999016e-01 5.884078217796565019e-07
9.154999999999999805e-01 5.884078217796565019e-07
9.167999999999998373e-01 5.884078217796565019e-07
9.180999999999999162e-01 5.884078217796565019e-07
9.193999999999999950e-01 5.884078217796565019e-07
9.206999999999998519e-01 5.884078217796565019e-07
9.219999999999999307e-01 5.884078217796565019e-07
9.233000000000000096e-01 5.884078217796565019e-07
9.245999999999998664e-01 5.884078217796565019e-07
9.258999999999999453e-01 5.884078217796565019e-07
9.271999999999998021e-01 5.884078217796565019e-07
9.284999999999998810e-01 5.884078217796565019e-07
9.297999999999999599e-01 5.884078217796565019e-07
9.310999999999998167e-01 5.884078217796565019e-07
9.323999999999998956e-01 5.884078217796565019e-07
9.336999999999999744e-01 5.884078217796565019e-07
9.349999999999998312e-01 5.884078217796565019e-07
9.362999999999999101e-01 5.884078217796565019e-07
9.375999999999999890e-01 5.884078217796565019e-07
9.388999999999998458e-01 5.884078217796565019e-07
9.401999999999999247e-01 5.884078217796565019e-07
9.415000000000000036e-01 5.884078217796565019e-07
9.427999999999998604e-01 5.884078217796565019e-07
9.440999999999999392e-01 5.884078217796565019e-07
9.453999999999997961e-01 5.884078217796565019e-07
9.466999999999998749e-01 5.884078217796565019e-07
9.479999999999999538e-01 5.884078217796565019e-07
9.492999999999998106e-01 5.884078217796565019e-07
9.505999999999998895e-01 5.884078217796565019e-07
9.518999999999999684e-01 5.884078217796565019e-07
9.531999999999998252e-01 5.884078217796565019e-07
9.544999999999999041e-01 5.884078217796565019e-07
9.557999999999999829e-01 5.884078217796565019e-07
9.570999999999998398e-01 5.884078217796565019e-07
9.583999999999999186e-01 5.884078217796565019e-07
9.596999999999999975e-01 5.884078217796565019e-07
9.609999999999998543e-01 5.884078217796565019e-07
9.622999999999999332e-01 5.884078217796565019e-07
9.635999999999997900e-01 5.884078217796565019e-07
9.648999999999998689e-01 5.884078217796565019e-07
9.661999999999999478e-01 5.884078217796565019e-07
9.674999999999998046e-01 5.884078217796565019e-07
9.687999999999998835e-01 5.884078217796565019e-07
9.700999999999999623e-01 5.884078217796565019e-07
9.713999999999998192e-01 5.884078217796565019e-07
9.726999999999998980e-01 5.884078217796565019e-07
9.739999999999999769e-01 5.884078217796565019e-07
9.752999999999998337e-01 5.884078217796565019e-07
9.765999999999999126e-01 5.884078217796565019e-07
9.778999999999999915e-01 5.884078217796565019e-07
9.791999999999998483e-01 5.884078217796565019e-07
9.804999999999999272e-01 5.884078217796565019e-07
9.818000000000000060e-01 5.884078217796565019e-07
9.830999999999998629e-01 5.884078217796565019e-07
9.843999999999999417e-01 5.884078217796565019e-07
9.856999999999997986e-01 5.884078217796565019e-07
9.869999999999998774e-01 5.884078217796565019e-07
9.882999999999999563e-01 5.884078217796565019e-07
9.895999999999998131e-01 5.884078217796565019e-07
9.908999999999998920e-01 5.884078217796565019e-07
9.921999999999999709e-01 5.884078217796565019e-07
9.934999999999998277e-01 5.884078217796565019e-07
9.947999999999999066e-01 5.884078217796565019e-07
9.960999999999999854e-01 5.884078217796565019e-07
9.973999999999998423e-01 5.884078217796565019e-07
9.986999999999999211e-01 5.884078217796565019e-07
1.000000000000000000e+00 5.884078217796565019e-07
