#       time      orderparam
         0      0.25356600
         1      0.30038700
         2      0.30104300
         3      0.30081200
         4      0.30016800
         5      0.30095400
         6      0.30068200
         7      0.30038700
         8      0.30038700
         9      0.30016800
        10      0.30054600
        11      0.30038700
        12      0.30068200
        13      0.30068200
        14      0.30097800
        15      0.30068200
        16      0.30097800
        17      0.30095400
        18      0.30104300
        19      0.30002500
        20      0.30038700
        21      0.30054600
        22      0.30095400
        23      0.30095400
        24      0.30104300
        25      0.30054600
