     0     3.364235
     1     3.553764
     2     3.744465
     3     3.917397
     4     4.068041
     5     4.206721
     6     4.327147
     7     4.438138
     8     4.546212
     9     4.650327
    10     4.744911
    11     4.848308
    12     4.938190
    13     5.015586
    14     5.083919
    15     5.157358
    16     5.230781
    17     5.300906
    18     5.376288
    19     5.442722
    20     5.497669
    21     5.549130
    22     5.590937
    23     5.640739
    24     5.697265
    25     5.750783
    26     5.814342
    27     5.876690
    28     5.930413
    29     5.973073
    30     6.015387
    31     6.059362
    32     6.110405
    33     6.158855
    34     6.206426
    35     6.246942
    36     6.283100
    37     6.311253
    38     6.334560
    39     6.362036
    40     6.376014
    41     6.391119
    42     6.419844
    43     6.445889
    44     6.476928
    45     6.509848
    46     6.538646
    47     6.561488
    48     6.593950
    49     6.623505
    50     6.655135
    51     6.678010
    52     6.687014
    53     6.688897
    54     6.685509
    55     6.685960
    56     6.680508
    57     6.671298
    58     6.668166
    59     6.661815
    60     6.661812
    61     6.671533
    62     6.679452
    63     6.684979
    64     6.691132
    65     6.692772
    66     6.698620
    67     6.713487
    68     6.742238
    69     6.775381
    70     6.806287
    71     6.827843
    72     6.853034
    73     6.880678
    74     6.904924
    75     6.925211
    76     6.941847
    77     6.954524
    78     6.965312
    79     6.985393
    80     7.018419
    81     7.057339
    82     7.104810
    83     7.162411
    84     7.225262
    85     7.278846
    86     7.328791
    87     7.378704
    88     7.417903
    89     7.455287
    90     7.492862
    91     7.536914
    92     7.576209
    93     7.617291
    94     7.661624
    95     7.711758
    96     7.749232
    97     7.784397
    98     7.820099
    99     7.856909
   100     7.888515
   101     7.927185
   102     7.966972
   103     8.014782
   104     8.072142
   105     8.127572
   106     8.176326
   107     8.224214
   108     8.263792
   109     8.305141
   110     8.349410
   111     8.387929
   112     8.416191
   113     8.436903
   114     8.468186
   115     8.513273
   116     8.556110
   117     8.596188
   118     8.638458
   119     8.683644
   120     8.739795
   121     8.800914
   122     8.861175
   123     8.921217
   124     8.982050
   125     9.041287
   126     9.102439
   127     9.162339
   128     9.209041
   129     9.257155
   130     9.294625
   131     9.326355
   132     9.353467
   133     9.376922
   134     9.404436
   135     9.431752
   136     9.463631
   137     9.487955
   138     9.510705
   139     9.534807
   140     9.557246
   141     9.571291
   142     9.582355
   143     9.593907
   144     9.606882
   145     9.612292
   146     9.618413
   147     9.620773
   148     9.622718
   149     9.624512
   150     9.638080
   151     9.651936
   152     9.668022
   153     9.676242
   154     9.680178
   155     9.688865
   156     9.699277
   157     9.721512
   158     9.761303
   159     9.803544
   160     9.842413
   161     9.885816
   162     9.933654
   163     9.982673
   164    10.024803
   165    10.063695
   166    10.110513
   167    10.159867
   168    10.214933
   169    10.270369
   170    10.323000
   171    10.369570
   172    10.409591
   173    10.436466
   174    10.453030
   175    10.462066
   176    10.484276
   177    10.519674
   178    10.559420
   179    10.593843
   180    10.632924
   181    10.668647
   182    10.695978
   183    10.716826
   184    10.731488
   185    10.745037
   186    10.759769
   187    10.776776
   188    10.800504
   189    10.830126
   190    10.873242
   191    10.930658
   192    10.999472
   193    11.068175
   194    11.131439
   195    11.199359
   196    11.285421
   197    11.374204
   198    11.471820
   199    11.569259
   200    11.665573
   201    11.760885
   202    11.850851
   203    11.940933
   204    12.027107
