# Cycle: 49, status: ACC, move: ('wf', 9000, 3, 19)
#     Time      Potential        Kinetic
         0     -24.872500      13.747405            nan            nan
         1     -24.516521      13.329763            nan            nan
         2     -22.937974      11.841804            nan            nan
         3     -21.122322       9.806363            nan            nan
         4     -19.490402       8.121503            nan            nan
         5     -18.176561       6.897542            nan            nan
         6     -17.163667       5.874482            nan            nan
         7     -16.446707       5.018084            nan            nan
         8     -15.994674       4.505571            nan            nan
         9     -15.771953       4.377173            nan            nan
        10     -15.785341       4.390961            nan            nan
        11     -16.035648       4.868055            nan            nan
        12     -16.556358       5.313814            nan            nan
        13     -17.362343       5.955501            nan            nan
        14     -18.451365       6.754405            nan            nan
        15     -19.843121       8.198800            nan            nan
        16     -21.521418       9.559004            nan            nan
        17     -23.280832      11.246820            nan            nan
        18     -24.686203      12.673014            nan            nan
