# Cycle: 199987, status: ACC, move: ('sh', -0.301934945, 13, 1)
#     Time      Potential        Kinetic
         0      -0.170853       0.007898            nan            nan
         1      -0.174018       0.006855            nan            nan
         2      -0.177466       0.008702            nan            nan
         3      -0.181645       0.011761            nan            nan
         4      -0.186223       0.017070            nan            nan
         5      -0.191371       0.018128            nan            nan
         6      -0.197475       0.026059            nan            nan
         7      -0.204529       0.029534            nan            nan
         8      -0.212312       0.041819            nan            nan
         9      -0.221507       0.060452            nan            nan
        10      -0.232566       0.068841            nan            nan
        11      -0.243255       0.059871            nan            nan
        12      -0.254917       0.072355            nan            nan
        13      -0.268194       0.090126            nan            nan
        14      -0.282247       0.082681            nan            nan
        15      -0.297394       0.114153            nan            nan
        16      -0.314513       0.132364            nan            nan
        17      -0.332434       0.136685            nan            nan
        18      -0.353192       0.193042            nan            nan
        19      -0.376600       0.219517            nan            nan
        20      -0.401076       0.241231            nan            nan
        21      -0.427524       0.278115            nan            nan
        22      -0.457011       0.339040            nan            nan
