     0     3.295327
     1     3.450237
     2     3.597472
     3     3.734783
     4     3.849758
     5     3.965521
     6     4.072212
     7     4.162797
     8     4.251162
     9     4.332057
    10     4.409693
    11     4.482185
    12     4.550983
    13     4.615510
    14     4.677234
    15     4.737917
    16     4.785306
    17     4.828652
    18     4.879968
    19     4.915533
    20     4.942756
    21     4.974372
    22     5.019896
    23     5.067552
    24     5.120801
    25     5.161692
    26     5.189647
    27     5.235941
    28     5.268372
    29     5.290134
    30     5.297392
    31     5.300725
    32     5.309046
    33     5.309289
    34     5.306439
    35     5.307328
    36     5.308109
    37     5.317227
    38     5.331345
    39     5.345185
    40     5.362531
    41     5.367271
    42     5.367924
    43     5.372412
    44     5.374185
    45     5.368583
    46     5.371508
    47     5.380570
    48     5.372983
    49     5.353309
    50     5.328783
    51     5.304226
    52     5.286818
    53     5.275832
    54     5.257645
    55     5.245135
    56     5.231327
    57     5.210473
    58     5.198153
    59     5.182350
    60     5.167528
    61     5.140921
    62     5.105006
    63     5.064680
    64     5.023657
    65     4.983667
    66     4.938881
    67     4.888722
    68     4.839139
    69     4.795654
    70     4.746515
    71     4.686149
    72     4.615603
    73     4.550171
    74     4.482543
    75     4.406007
    76     4.316352
    77     4.217087
    78     4.117356
    79     4.018098
    80     3.896595
    81     3.771683
    82     3.629183
    83     3.471515
    84     3.298006
