     0     3.312905
     1     3.453694
     2     3.589496
     3     3.708284
     4     3.804274
     5     3.889204
     6     3.959568
     7     4.020603
     8     4.062191
     9     4.088173
    10     4.101167
    11     4.099732
    12     4.094346
    13     4.085045
    14     4.073763
    15     4.059486
    16     4.049398
    17     4.030559
    18     4.003935
    19     3.969709
    20     3.921807
    21     3.860189
    22     3.791751
    23     3.717943
    24     3.632926
    25     3.538371
    26     3.441986
