# Cycle: 63, status: ACC, move: ('wf', 9000, 2, 19)
#     Time      Potential        Kinetic
         0     -24.578449      11.785780            nan            nan
         1     -23.043800      10.251855            nan            nan
         2     -21.205460       8.413828            nan            nan
         3     -19.507526       6.716061            nan            nan
         4     -18.098288       5.306801            nan            nan
         5     -17.002085       4.210585            nan            nan
         6     -16.201664       3.410197            nan            nan
         7     -15.671766       2.880287            nan            nan
         8     -15.391514       2.600010            nan            nan
         9     -15.348849       2.557370            nan            nan
        10     -15.541945       2.750490            nan            nan
        11     -15.979147       3.187758            nan            nan
        12     -16.678501       3.887078            nan            nan
        13     -17.664377       4.873022            nan            nan
        14     -18.959492       6.168143            nan            nan
        15     -20.560617       7.769197            nan            nan
        16     -22.378746       9.587129            nan            nan
        17     -24.104202      11.312049            nan            nan
        18     -24.975262      12.181994            nan            nan
