# Cycle: 199994, status: ACC, move: None
#     Time      Potential        Kinetic
         0      -0.999790       0.009304            nan            nan
         1      -0.999509       0.013723            nan            nan
         2      -0.999040       0.013918            nan            nan
         3      -0.998455       0.013227            nan            nan
         4      -0.997814       0.011945            nan            nan
         5      -0.997136       0.011798            nan            nan
         6      -0.996315       0.010856            nan            nan
         7      -0.995248       0.020399            nan            nan
         8      -0.993871       0.019436            nan            nan
         9      -0.992541       0.013110            nan            nan
        10      -0.991266       0.008896            nan            nan
        11      -0.990054       0.008087            nan            nan
        12      -0.988567       0.012071            nan            nan
        13      -0.987023       0.009605            nan            nan
        14      -0.985350       0.008672            nan            nan
        15      -0.984000       0.004743            nan            nan
        16      -0.982723       0.007949            nan            nan
        17      -0.980992       0.008698            nan            nan
        18      -0.979729       0.001836            nan            nan
        19      -0.978692       0.001938            nan            nan
        20      -0.977931       0.001091            nan            nan
        21      -0.977138       0.000612            nan            nan
        22      -0.976510       0.001037            nan            nan
        23      -0.975963       0.000583            nan            nan
        24      -0.975792       0.000024            nan            nan
        25      -0.975856       0.000007            nan            nan
        26      -0.975946       0.000133            nan            nan
        27      -0.976181       0.000192            nan            nan
        28      -0.976498       0.001198            nan            nan
        29      -0.977213       0.003082            nan            nan
        30      -0.978518       0.002987            nan            nan
        31      -0.979915       0.007855            nan            nan
        32      -0.981807       0.011809            nan            nan
        33      -0.983484       0.009263            nan            nan
        34      -0.985150       0.006626            nan            nan
        35      -0.986325       0.004036            nan            nan
        36      -0.987363       0.006157            nan            nan
        37      -0.988756       0.013747            nan            nan
        38      -0.990262       0.011643            nan            nan
        39      -0.991728       0.015290            nan            nan
        40      -0.993255       0.019416            nan            nan
        41      -0.994980       0.028405            nan            nan
        42      -0.996502       0.031552            nan            nan
        43      -0.997731       0.031394            nan            nan
        44      -0.998772       0.030701            nan            nan
        45      -0.999553       0.051102            nan            nan
        46      -0.999970       0.038536            nan            nan
