# Cycle: 199960, status: ACC, move: ('sh', 0.823698638, 34, 16)
#     Time      Potential        Kinetic
         0      -0.999822       0.171919            nan            nan
         1      -0.999722       0.181172            nan            nan
         2      -0.997925       0.164259            nan            nan
         3      -0.994621       0.172581            nan            nan
         4      -0.989932       0.135229            nan            nan
         5      -0.984592       0.110451            nan            nan
         6      -0.978754       0.099433            nan            nan
         7      -0.972286       0.104990            nan            nan
         8      -0.964894       0.114211            nan            nan
         9      -0.956700       0.104850            nan            nan
        10      -0.948422       0.085176            nan            nan
        11      -0.940519       0.070705            nan            nan
        12      -0.932475       0.077180            nan            nan
        13      -0.923235       0.073344            nan            nan
        14      -0.914605       0.054964            nan            nan
        15      -0.906191       0.064266            nan            nan
        16      -0.896625       0.076503            nan            nan
        17      -0.886439       0.063012            nan            nan
        18      -0.877525       0.045376            nan            nan
        19      -0.869334       0.033630            nan            nan
        20      -0.862215       0.025818            nan            nan
        21      -0.856461       0.013735            nan            nan
        22      -0.851626       0.010302            nan            nan
        23      -0.848138       0.004270            nan            nan
        24      -0.845889       0.002076            nan            nan
        25      -0.844059       0.002558            nan            nan
        26      -0.842075       0.001938            nan            nan
        27      -0.840411       0.003227            nan            nan
        28      -0.837343       0.004129            nan            nan
        29      -0.834915       0.001101            nan            nan
        30      -0.834222       0.000027            nan            nan
        31      -0.835143       0.002004            nan            nan
        32      -0.837615       0.003200            nan            nan
        33      -0.840461       0.005560            nan            nan
        34      -0.844090       0.005065            nan            nan
        35      -0.847423       0.006066            nan            nan
        36      -0.851139       0.009149            nan            nan
        37      -0.855545       0.015667            nan            nan
        38      -0.861456       0.019165            nan            nan
        39      -0.868106       0.027062            nan            nan
        40      -0.874668       0.030568            nan            nan
        41      -0.883079       0.055403            nan            nan
        42      -0.892645       0.070840            nan            nan
        43      -0.902935       0.092083            nan            nan
        44      -0.913321       0.082378            nan            nan
        45      -0.922061       0.063084            nan            nan
        46      -0.930400       0.068850            nan            nan
        47      -0.938591       0.076616            nan            nan
        48      -0.946929       0.085510            nan            nan
        49      -0.954866       0.072087            nan            nan
        50      -0.962242       0.096948            nan            nan
        51      -0.969551       0.101977            nan            nan
        52      -0.976715       0.128636            nan            nan
        53      -0.983235       0.122295            nan            nan
        54      -0.988637       0.118881            nan            nan
        55      -0.992962       0.123000            nan            nan
        56      -0.996331       0.119899            nan            nan
        57      -0.998778       0.149724            nan            nan
        58      -0.999938       0.155803            nan            nan
        59      -0.999618       0.139886            nan            nan
