# Cycle: 199960, status: ACC, move: ('sh', 0.823698638, 34, 16)
#     Time       Orderp
         0     1.006644
         1     0.991621
         2     0.976959
         3     0.962630
         4     0.948504
         5     0.935879
         6     0.924251
         7     0.912976
         8     0.901463
         9     0.889896
        10     0.879143
        11     0.869547
        12     0.860316
        13     0.850256
        14     0.841294
        15     0.832897
        16     0.823699
        17     0.814255
        18     0.806248
        19     0.799076
        20     0.792973
        21     0.788121
        22     0.784096
        23     0.781221
        24     0.779378
        25     0.777886
        26     0.776275
        27     0.774928
        28     0.772459
        29     0.770515
        30     0.769962
        31     0.770697
        32     0.772677
        33     0.774969
        34     0.777911
        35     0.780634
        36     0.783693
        37     0.787354
        38     0.792329
        39     0.798015
        40     0.803728
        41     0.811211
        42     0.819969
        43     0.829727
        44     0.839992
        45     0.849014
        46     0.858011
        47     0.867290
        48     0.877284
        49     0.887442
        50     0.897601
        51     0.908573
        52     0.920546
        53     0.933017
        54     0.945200
        55     0.957134
        56     0.969242
        57     0.982364
        58     0.996047
        59     1.009728
