# Cycle: 0, status: ACC, move: ('ki', 0, 0, 0)
#     Time       Orderp
         0     0.295345
         1     0.301718
         2     0.308927
         3     0.316523
         4     0.324414
         5     0.332518
         6     0.340454
         7     0.347450
         8     0.353079
         9     0.358425
        10     0.362936
        11     0.367401
        12     0.371916
        13     0.377089
        14     0.382412
        15     0.387922
        16     0.394196
        17     0.400814
        18     0.406918
        19     0.414566
        20     0.420928
        21     0.428262
        22     0.434627
        23     0.441189
        24     0.446885
        25     0.452424
        26     0.457236
        27     0.462359
        28     0.466782
        29     0.471371
        30     0.476315
        31     0.480857
        32     0.485691
        33     0.490981
        34     0.496133
        35     0.501229
# Cycle: 1, status: NCR, move: ('sh', 0.30171767961203944, 1, 17)
#     Time       Orderp
         0     0.296373
         1     0.300327
         2     0.302621
         3     0.306157
         4     0.307955
         5     0.310540
         6     0.312251
         7     0.312836
         8     0.313923
         9     0.313437
        10     0.312874
        11     0.311198
        12     0.309045
        13     0.306702
        14     0.304611
        15     0.302580
        16     0.302653
        17     0.301718
        18     0.301613
        19     0.301625
        20     0.298907
# Cycle: 2, status: BTL, move: ('sh', 0.32441370139801695, 4, 0)
#     Time       Orderp
         0     0.324414
         1     0.325586
         2     0.327687
         3     0.328732
         4     0.330544
         5     0.331766
         6     0.332600
         7     0.334140
         8     0.335759
         9     0.337595
        10     0.339936
        11     0.342404
        12     0.344041
        13     0.345227
        14     0.346553
        15     0.345861
        16     0.346099
        17     0.345403
        18     0.344596
        19     0.343058
        20     0.342283
        21     0.339726
        22     0.338634
        23     0.336572
        24     0.335638
        25     0.334977
        26     0.334485
        27     0.335539
        28     0.336331
        29     0.337600
        30     0.339532
        31     0.340950
        32     0.340792
        33     0.341544
        34     0.339661
        35     0.338632
        36     0.337193
        37     0.335914
        38     0.335152
        39     0.334923
        40     0.334617
# Cycle: 3, status: BWI, move: ('sh', 0.4209282219268653, 20, 0)
#     Time       Orderp
         0     0.420928
         1     0.425255
         2     0.428979
         3     0.434257
         4     0.439282
         5     0.445485
         6     0.451307
         7     0.457921
         8     0.464277
         9     0.469856
        10     0.475894
        11     0.480748
        12     0.485372
        13     0.489473
        14     0.493673
        15     0.496829
        16     0.500887
# Cycle: 4, status: BTL, move: ('sh', 0.44688547191829425, 24, 0)
#     Time       Orderp
         0     0.446885
         1     0.447319
         2     0.446963
         3     0.447082
         4     0.446377
         5     0.445982
         6     0.444837
         7     0.443814
         8     0.442692
         9     0.440862
        10     0.439593
        11     0.437887
        12     0.435535
        13     0.434398
        14     0.432183
        15     0.429957
        16     0.429154
        17     0.426867
        18     0.425558
        19     0.424769
        20     0.423299
        21     0.422428
        22     0.421755
        23     0.420692
        24     0.419702
        25     0.418574
        26     0.417460
        27     0.415322
        28     0.413915
        29     0.411863
        30     0.409432
        31     0.407331
        32     0.405932
        33     0.402745
        34     0.402219
        35     0.400223
        36     0.398642
        37     0.397779
        38     0.396376
# Cycle: 5, status: ACC, move: ('s-', 0, 0, 0)
#     Time       Orderp
         0     0.295322
         1     0.303561
         2     0.312500
         3     0.320280
         4     0.328668
         5     0.334986
         6     0.341863
         7     0.347748
         8     0.353727
         9     0.359466
        10     0.365604
        11     0.371114
        12     0.377077
        13     0.382667
        14     0.387856
        15     0.393337
        16     0.398281
        17     0.403314
        18     0.408359
        19     0.413419
        20     0.418249
        21     0.423561
        22     0.428209
        23     0.433348
        24     0.438002
        25     0.442572
        26     0.446885
        27     0.451138
        28     0.454547
        29     0.458537
        30     0.461549
        31     0.465007
        32     0.467996
        33     0.471494
        34     0.474315
        35     0.478070
        36     0.481142
        37     0.484889
        38     0.488348
        39     0.492223
        40     0.495853
        41     0.499886
        42     0.503657
# Cycle: 6, status: ACC, move: ('s-', 0, 0, 0)
#     Time       Orderp
         0     0.295345
         1     0.301718
         2     0.308927
         3     0.316523
         4     0.324414
         5     0.332518
         6     0.340454
         7     0.347450
         8     0.353079
         9     0.358425
        10     0.362936
        11     0.367401
        12     0.371916
        13     0.377089
        14     0.382412
        15     0.387922
        16     0.394196
        17     0.400814
        18     0.406918
        19     0.414566
        20     0.420928
        21     0.428262
        22     0.434627
        23     0.441189
        24     0.446885
        25     0.452424
        26     0.457236
        27     0.462359
        28     0.466782
        29     0.471371
        30     0.476315
        31     0.480857
        32     0.485691
        33     0.490981
        34     0.496133
        35     0.501229
# Cycle: 7, status: BWI, move: ('tr', 0, 0, 0)
#     Time       Orderp
         0     0.501229
         1     0.496133
         2     0.490981
         3     0.485691
         4     0.480857
         5     0.476315
         6     0.471371
         7     0.466782
         8     0.462359
         9     0.457236
        10     0.452424
        11     0.446885
        12     0.441189
        13     0.434627
        14     0.428262
        15     0.420928
        16     0.414566
        17     0.406918
        18     0.400814
        19     0.394196
        20     0.387922
        21     0.382412
        22     0.377089
        23     0.371916
        24     0.367401
        25     0.362936
        26     0.358425
        27     0.353079
        28     0.347450
        29     0.340454
        30     0.332518
        31     0.324414
        32     0.316523
        33     0.308927
        34     0.301718
        35     0.295345
# Cycle: 8, status: ACC, move: ('s-', 0, 0, 0)
#     Time       Orderp
         0     0.295322
         1     0.303561
         2     0.312500
         3     0.320280
         4     0.328668
         5     0.334986
         6     0.341863
         7     0.347748
         8     0.353727
         9     0.359466
        10     0.365604
        11     0.371114
        12     0.377077
        13     0.382667
        14     0.387856
        15     0.393337
        16     0.398281
        17     0.403314
        18     0.408359
        19     0.413419
        20     0.418249
        21     0.423561
        22     0.428209
        23     0.433348
        24     0.438002
        25     0.442572
        26     0.446885
        27     0.451138
        28     0.454547
        29     0.458537
        30     0.461549
        31     0.465007
        32     0.467996
        33     0.471494
        34     0.474315
        35     0.478070
        36     0.481142
        37     0.484889
        38     0.488348
        39     0.492223
        40     0.495853
        41     0.499886
        42     0.503657
# Cycle: 9, status: BTL, move: ('sh', 0.44257203631340924, 25, 0)
#     Time       Orderp
         0     0.442572
         1     0.444484
         2     0.446744
         3     0.447781
         4     0.449030
         5     0.450419
         6     0.450248
         7     0.451482
         8     0.451450
         9     0.451591
        10     0.451562
        11     0.451710
        12     0.450298
        13     0.450715
        14     0.448903
        15     0.448385
        16     0.447093
        17     0.446408
        18     0.444988
        19     0.445016
        20     0.443888
        21     0.444287
        22     0.443922
        23     0.444731
        24     0.444914
        25     0.446253
        26     0.446890
        27     0.448558
        28     0.449729
        29     0.451182
        30     0.452822
        31     0.453827
        32     0.455029
        33     0.455990
        34     0.456429
        35     0.456867
        36     0.457413
        37     0.457114
        38     0.457249
        39     0.457182
        40     0.456035
        41     0.455744
        42     0.454240
# Cycle: 10, status: BWI, move: ('tr', 0, 0, 0)
#     Time       Orderp
         0     0.503657
         1     0.499886
         2     0.495853
         3     0.492223
         4     0.488348
         5     0.484889
         6     0.481142
         7     0.478070
         8     0.474315
         9     0.471494
        10     0.467996
        11     0.465007
        12     0.461549
        13     0.458537
        14     0.454547
        15     0.451138
        16     0.446885
        17     0.442572
        18     0.438002
        19     0.433348
        20     0.428209
        21     0.423561
        22     0.418249
        23     0.413419
        24     0.408359
        25     0.403314
        26     0.398281
        27     0.393337
        28     0.387856
        29     0.382667
        30     0.377077
        31     0.371114
        32     0.365604
        33     0.359466
        34     0.353727
        35     0.347748
        36     0.341863
        37     0.334986
        38     0.328668
        39     0.320280
        40     0.312500
        41     0.303561
        42     0.295322
# Cycle: 11, status: BTL, move: ('sh', 0.31249993114782904, 2, 0)
#     Time       Orderp
         0     0.312500
         1     0.317985
         2     0.323451
         3     0.328237
         4     0.332929
         5     0.335859
         6     0.339706
         7     0.342157
         8     0.345273
         9     0.348096
        10     0.350735
        11     0.353752
        12     0.356254
        13     0.359019
        14     0.361376
        15     0.364195
        16     0.366090
        17     0.368479
        18     0.370325
        19     0.371329
        20     0.372387
        21     0.373079
        22     0.372691
        23     0.373169
        24     0.372829
        25     0.372471
        26     0.372636
        27     0.372290
        28     0.371893
        29     0.372285
        30     0.371268
        31     0.370923
        32     0.370267
        33     0.368681
        34     0.367168
        35     0.365819
        36     0.362900
        37     0.361189
        38     0.358131
        39     0.355082
        40     0.351760
        41     0.348052
        42     0.343795
        43     0.339990
        44     0.335253
        45     0.331150
        46     0.326401
        47     0.321671
        48     0.316603
        49     0.311380
        50     0.305664
        51     0.299812
# Cycle: 12, status: ACC, move: ('00', 0, 0, 0)
#     Time       Orderp
         0     0.295322
         1     0.303561
         2     0.312500
         3     0.320280
         4     0.328668
         5     0.334986
         6     0.341863
         7     0.347748
         8     0.353727
         9     0.359466
        10     0.365604
        11     0.371114
        12     0.377077
        13     0.382667
        14     0.387856
        15     0.393337
        16     0.398281
        17     0.403314
        18     0.408359
        19     0.413419
        20     0.418249
        21     0.423561
        22     0.428209
        23     0.433348
        24     0.438002
        25     0.442572
        26     0.446885
        27     0.451138
        28     0.454547
        29     0.458537
        30     0.461549
        31     0.465007
        32     0.467996
        33     0.471494
        34     0.474315
        35     0.478070
        36     0.481142
        37     0.484889
        38     0.488348
        39     0.492223
        40     0.495853
        41     0.499886
        42     0.503657
# Cycle: 13, status: ACC, move: ('s-', 0.4524238565534298, 25, 33)
#     Time       Orderp
         0     0.294170
         1     0.300310
         2     0.307507
         3     0.314456
         4     0.322544
         5     0.329984
         6     0.337232
         7     0.343030
         8     0.348518
         9     0.353337
        10     0.358003
        11     0.362260
        12     0.366931
        13     0.371361
        14     0.376123
        15     0.380809
        16     0.385976
        17     0.390872
        18     0.395708
        19     0.400502
        20     0.405089
        21     0.409420
        22     0.413415
        23     0.417566
        24     0.421272
        25     0.424779
        26     0.428915
        27     0.432007
        28     0.436046
        29     0.439475
        30     0.442894
        31     0.446260
        32     0.449434
        33     0.452424
        34     0.454883
        35     0.458225
        36     0.460290
        37     0.463823
        38     0.466397
        39     0.470762
        40     0.473379
        41     0.478492
        42     0.481625
        43     0.486538
        44     0.489876
        45     0.494546
        46     0.497815
        47     0.501470
# Cycle: 14, status: ACC, move: ('sh', 0.42127168567600876, 24, 26)
#     Time       Orderp
         0     0.296847
         1     0.303219
         2     0.309532
         3     0.315205
         4     0.321511
         5     0.327343
         6     0.333626
         7     0.339692
         8     0.346154
         9     0.352256
        10     0.358436
        11     0.364214
        12     0.369195
        13     0.374672
        14     0.378370
        15     0.383193
        16     0.386457
        17     0.390393
        18     0.393131
        19     0.396516
        20     0.398935
        21     0.402267
        22     0.405115
        23     0.409190
        24     0.413004
        25     0.417169
        26     0.421272
        27     0.425079
        28     0.428832
        29     0.431455
        30     0.434798
        31     0.436299
        32     0.438168
        33     0.438925
        34     0.439944
        35     0.440394
        36     0.441305
        37     0.442901
        38     0.444522
        39     0.446922
        40     0.450397
        41     0.453819
        42     0.458038
        43     0.462884
        44     0.467534
        45     0.472564
        46     0.477014
        47     0.482201
        48     0.485710
        49     0.490134
        50     0.493690
        51     0.497118
        52     0.499956
        53     0.503712
# Cycle: 15, status: BWI, move: ('tr', 0, 0, 0)
#     Time       Orderp
         0     0.503712
         1     0.499956
         2     0.497118
         3     0.493690
         4     0.490134
         5     0.485710
         6     0.482201
         7     0.477014
         8     0.472564
         9     0.467534
        10     0.462884
        11     0.458038
        12     0.453819
        13     0.450397
        14     0.446922
        15     0.444522
        16     0.442901
        17     0.441305
        18     0.440394
        19     0.439944
        20     0.438925
        21     0.438168
        22     0.436299
        23     0.434798
        24     0.431455
        25     0.428832
        26     0.425079
        27     0.421272
        28     0.417169
        29     0.413004
        30     0.409190
        31     0.405115
        32     0.402267
        33     0.398935
        34     0.396516
        35     0.393131
        36     0.390393
        37     0.386457
        38     0.383193
        39     0.378370
        40     0.374672
        41     0.369195
        42     0.364214
        43     0.358436
        44     0.352256
        45     0.346154
        46     0.339692
        47     0.333626
        48     0.327343
        49     0.321511
        50     0.315205
        51     0.309532
        52     0.303219
        53     0.296847
# Cycle: 16, status: BTL, move: ('sh', 0.39313090833717707, 18, 0)
#     Time       Orderp
         0     0.393131
         1     0.395416
         2     0.396234
         3     0.398489
         4     0.399356
         5     0.401076
         6     0.402526
         7     0.404007
         8     0.405459
         9     0.407321
        10     0.408586
        11     0.410084
        12     0.411840
        13     0.412474
        14     0.414079
        15     0.414722
        16     0.415633
        17     0.416017
        18     0.417159
        19     0.416740
        20     0.417949
        21     0.417525
        22     0.417904
        23     0.417649
        24     0.417615
        25     0.416813
        26     0.416850
        27     0.415771
        28     0.415486
        29     0.414961
        30     0.414286
        31     0.414297
        32     0.413922
        33     0.413834
        34     0.413877
        35     0.414042
        36     0.413473
        37     0.414022
        38     0.413023
        39     0.412572
        40     0.411458
        41     0.410185
        42     0.408157
        43     0.406978
        44     0.404474
        45     0.403430
        46     0.401359
        47     0.400283
        48     0.398957
        49     0.398189
        50     0.396780
        51     0.396566
        52     0.395009
        53     0.393831
        54     0.392533
        55     0.390184
        56     0.388154
# Cycle: 17, status: NCR, move: ('sh', 0.3783697725145068, 14, 32)
#     Time       Orderp
         0     0.299138
         1     0.302191
         2     0.305519
         3     0.309586
         4     0.314148
         5     0.319224
         6     0.323711
         7     0.328473
         8     0.331916
         9     0.335207
        10     0.337420
        11     0.340209
        12     0.341921
        13     0.344559
        14     0.346744
        15     0.349628
        16     0.352103
        17     0.355546
        18     0.357996
        19     0.360667
        20     0.363009
        21     0.364451
        22     0.366211
        23     0.367730
        24     0.369033
        25     0.370822
        26     0.372387
        27     0.374092
        28     0.375481
        29     0.376948
        30     0.377591
        31     0.378607
        32     0.378370
        33     0.379271
        34     0.378363
        35     0.378867
        36     0.377898
        37     0.377441
        38     0.376146
        39     0.374975
        40     0.372862
        41     0.371156
        42     0.368753
        43     0.366643
        44     0.364989
        45     0.363040
        46     0.362175
        47     0.360948
        48     0.360417
        49     0.359216
        50     0.358483
        51     0.356617
        52     0.354276
        53     0.351197
        54     0.347282
        55     0.343206
        56     0.338926
        57     0.335895
        58     0.332353
        59     0.330437
        60     0.327760
        61     0.325426
        62     0.322175
        63     0.318307
        64     0.313749
        65     0.308657
        66     0.302499
        67     0.296159
# Cycle: 18, status: NCR, move: ('s-', 0.38785557773310886, 14, 81)
#     Time       Orderp
         0     0.296536
         1     0.303280
         2     0.309515
         3     0.316684
         4     0.323439
         5     0.330811
         6     0.337545
         7     0.344319
         8     0.350618
         9     0.356430
        10     0.361427
        11     0.366537
        12     0.370557
        13     0.374321
        14     0.377910
        15     0.380779
        16     0.383701
        17     0.386067
        18     0.389207
        19     0.391065
        20     0.394493
        21     0.396869
        22     0.400197
        23     0.402850
        24     0.406559
        25     0.408960
        26     0.412635
        27     0.414977
        28     0.418115
        29     0.420257
        30     0.422539
        31     0.424371
        32     0.425845
        33     0.426891
        34     0.427931
        35     0.428497
        36     0.428684
        37     0.429352
        38     0.429156
        39     0.429471
        40     0.429401
        41     0.429740
        42     0.429223
        43     0.429705
        44     0.429189
        45     0.428991
        46     0.428917
        47     0.428472
        48     0.428188
        49     0.428060
        50     0.427812
        51     0.427295
        52     0.427752
        53     0.426817
        54     0.427401
        55     0.426862
        56     0.427135
        57     0.426678
        58     0.427272
        59     0.426177
        60     0.427055
        61     0.425915
        62     0.426238
        63     0.425571
        64     0.425470
        65     0.424738
        66     0.424572
        67     0.423509
        68     0.423030
        69     0.421685
        70     0.420391
        71     0.418916
        72     0.416658
        73     0.414543
        74     0.411963
        75     0.408935
        76     0.405748
        77     0.402605
        78     0.398721
        79     0.395199
        80     0.391673
        81     0.387856
        82     0.384426
        83     0.381253
        84     0.377870
        85     0.374652
        86     0.371686
        87     0.367873
        88     0.364651
        89     0.359932
        90     0.356066
        91     0.350319
        92     0.345029
        93     0.338511
        94     0.331928
        95     0.324129
        96     0.317057
        97     0.308886
        98     0.301655
        99     0.294181
# Cycle: 19, status: NCR, move: ('s-', 0.38785557773310886, 14, 81)
#     Time       Orderp
         0     0.296536
         1     0.303280
         2     0.309515
         3     0.316684
         4     0.323439
         5     0.330811
         6     0.337545
         7     0.344319
         8     0.350618
         9     0.356430
        10     0.361427
        11     0.366537
        12     0.370557
        13     0.374321
        14     0.377910
        15     0.380779
        16     0.383701
        17     0.386067
        18     0.389207
        19     0.391065
        20     0.394493
        21     0.396869
        22     0.400197
        23     0.402850
        24     0.406559
        25     0.408960
        26     0.412635
        27     0.414977
        28     0.418115
        29     0.420257
        30     0.422539
        31     0.424371
        32     0.425845
        33     0.426891
        34     0.427931
        35     0.428497
        36     0.428684
        37     0.429352
        38     0.429156
        39     0.429471
        40     0.429401
        41     0.429740
        42     0.429223
        43     0.429705
        44     0.429189
        45     0.428991
        46     0.428917
        47     0.428472
        48     0.428188
        49     0.428060
        50     0.427812
        51     0.427295
        52     0.427752
        53     0.426817
        54     0.427401
        55     0.426862
        56     0.427135
        57     0.426678
        58     0.427272
        59     0.426177
        60     0.427055
        61     0.425915
        62     0.426238
        63     0.425571
        64     0.425470
        65     0.424738
        66     0.424572
        67     0.423509
        68     0.423030
        69     0.421685
        70     0.420391
        71     0.418916
        72     0.416658
        73     0.414543
        74     0.411963
        75     0.408935
        76     0.405748
        77     0.402605
        78     0.398721
        79     0.395199
        80     0.391673
        81     0.387856
        82     0.384426
        83     0.381253
        84     0.377870
        85     0.374652
        86     0.371686
        87     0.367873
        88     0.364651
        89     0.359932
        90     0.356066
        91     0.350319
        92     0.345029
        93     0.338511
        94     0.331928
        95     0.324129
        96     0.317057
        97     0.308886
        98     0.301655
        99     0.294181
# Cycle: 20, status: NCR, move: ('s-', 0.38785557773310886, 14, 81)
#     Time       Orderp
         0     0.296536
         1     0.303280
         2     0.309515
         3     0.316684
         4     0.323439
         5     0.330811
         6     0.337545
         7     0.344319
         8     0.350618
         9     0.356430
        10     0.361427
        11     0.366537
        12     0.370557
        13     0.374321
        14     0.377910
        15     0.380779
        16     0.383701
        17     0.386067
        18     0.389207
        19     0.391065
        20     0.394493
        21     0.396869
        22     0.400197
        23     0.402850
        24     0.406559
        25     0.408960
        26     0.412635
        27     0.414977
        28     0.418115
        29     0.420257
        30     0.422539
        31     0.424371
        32     0.425845
        33     0.426891
        34     0.427931
        35     0.428497
        36     0.428684
        37     0.429352
        38     0.429156
        39     0.429471
        40     0.429401
        41     0.429740
        42     0.429223
        43     0.429705
        44     0.429189
        45     0.428991
        46     0.428917
        47     0.428472
        48     0.428188
        49     0.428060
        50     0.427812
        51     0.427295
        52     0.427752
        53     0.426817
        54     0.427401
        55     0.426862
        56     0.427135
        57     0.426678
        58     0.427272
        59     0.426177
        60     0.427055
        61     0.425915
        62     0.426238
        63     0.425571
        64     0.425470
        65     0.424738
        66     0.424572
        67     0.423509
        68     0.423030
        69     0.421685
        70     0.420391
        71     0.418916
        72     0.416658
        73     0.414543
        74     0.411963
        75     0.408935
        76     0.405748
        77     0.402605
        78     0.398721
        79     0.395199
        80     0.391673
        81     0.387856
        82     0.384426
        83     0.381253
        84     0.377870
        85     0.374652
        86     0.371686
        87     0.367873
        88     0.364651
        89     0.359932
        90     0.356066
        91     0.350319
        92     0.345029
        93     0.338511
        94     0.331928
        95     0.324129
        96     0.317057
        97     0.308886
        98     0.301655
        99     0.294181
# Cycle: 21, status: NCR, move: ('sh', 0.40226718310910686, 21, 41)
#     Time       Orderp
         0     0.293397
         1     0.300174
         2     0.305968
         3     0.312855
         4     0.318946
         5     0.325345
         6     0.330892
         7     0.336294
         8     0.341009
         9     0.344794
        10     0.348411
        11     0.351342
        12     0.354146
        13     0.356663
        14     0.359641
        15     0.362035
        16     0.365256
        17     0.367908
        18     0.371084
        19     0.373815
        20     0.376816
        21     0.379278
        22     0.382053
        23     0.384255
        24     0.386364
        25     0.388499
        26     0.389536
        27     0.390943
        28     0.391042
        29     0.391539
        30     0.391021
        31     0.391444
        32     0.391254
        33     0.392017
        34     0.392519
        35     0.394106
        36     0.395093
        37     0.397259
        38     0.398691
        39     0.400632
        40     0.401562
        41     0.402267
        42     0.402008
        43     0.401208
        44     0.400127
        45     0.398954
        46     0.398079
        47     0.397256
        48     0.396994
        49     0.397042
        50     0.397156
        51     0.397580
        52     0.397682
        53     0.397710
        54     0.396960
        55     0.396363
        56     0.394762
        57     0.393729
        58     0.391593
        59     0.390100
        60     0.387629
        61     0.385600
        62     0.382793
        63     0.380747
        64     0.377855
        65     0.375900
        66     0.373839
        67     0.371788
        68     0.370608
        69     0.369307
        70     0.368416
        71     0.368121
        72     0.368146
        73     0.368280
        74     0.369429
        75     0.370370
        76     0.371655
        77     0.372836
        78     0.373401
        79     0.372963
        80     0.371724
        81     0.369634
        82     0.367371
        83     0.365040
        84     0.362898
        85     0.361116
        86     0.359693
        87     0.358377
        88     0.357644
        89     0.356897
        90     0.356196
        91     0.355687
        92     0.354988
        93     0.354173
        94     0.353208
        95     0.352072
        96     0.350153
        97     0.348265
        98     0.345548
        99     0.342942
       100     0.339533
       101     0.336739
       102     0.332685
       103     0.329467
       104     0.324438
       105     0.320165
       106     0.314346
       107     0.309696
       108     0.304642
       109     0.300920
       110     0.296902
# Cycle: 22, status: ACC, move: ('00', 0.42127168567600876, 24, 26)
#     Time       Orderp
         0     0.296847
         1     0.303219
         2     0.309532
         3     0.315205
         4     0.321511
         5     0.327343
         6     0.333626
         7     0.339692
         8     0.346154
         9     0.352256
        10     0.358436
        11     0.364214
        12     0.369195
        13     0.374672
        14     0.378370
        15     0.383193
        16     0.386457
        17     0.390393
        18     0.393131
        19     0.396516
        20     0.398935
        21     0.402267
        22     0.405115
        23     0.409190
        24     0.413004
        25     0.417169
        26     0.421272
        27     0.425079
        28     0.428832
        29     0.431455
        30     0.434798
        31     0.436299
        32     0.438168
        33     0.438925
        34     0.439944
        35     0.440394
        36     0.441305
        37     0.442901
        38     0.444522
        39     0.446922
        40     0.450397
        41     0.453819
        42     0.458038
        43     0.462884
        44     0.467534
        45     0.472564
        46     0.477014
        47     0.482201
        48     0.485710
        49     0.490134
        50     0.493690
        51     0.497118
        52     0.499956
        53     0.503712
# Cycle: 23, status: ACC, move: ('sh', 0.4999558123551619, 52, 38)
#     Time       Orderp
         0     0.296072
         1     0.306020
         2     0.315011
         3     0.324129
         4     0.331727
         5     0.339072
         6     0.345397
         7     0.351913
         8     0.357583
         9     0.363800
        10     0.369863
        11     0.376765
        12     0.383141
        13     0.390157
        14     0.396911
        15     0.403455
        16     0.409290
        17     0.415046
        18     0.420619
        19     0.424364
        20     0.429416
        21     0.432769
        22     0.435925
        23     0.439403
        24     0.442135
        25     0.445488
        26     0.448591
        27     0.452852
        28     0.456750
        29     0.461864
        30     0.466301
        31     0.471790
        32     0.476645
        33     0.480950
        34     0.485825
        35     0.489959
        36     0.492823
        37     0.497578
        38     0.499956
        39     0.503322
# Cycle: 24, status: NCR, move: ('s-', 0.3508431404304644, 70, 76)
#     Time       Orderp
         0     0.299948
         1     0.305004
         2     0.310577
         3     0.315347
         4     0.320839
         5     0.325459
         6     0.330379
         7     0.334622
         8     0.339973
         9     0.343949
        10     0.349227
        11     0.353764
        12     0.357733
        13     0.362071
        14     0.365836
        15     0.368161
        16     0.371627
        17     0.373259
        18     0.374985
        19     0.376610
        20     0.377914
        21     0.378730
        22     0.380958
        23     0.381533
        24     0.383991
        25     0.385705
        26     0.387526
        27     0.389934
        28     0.392026
        29     0.393635
        30     0.395656
        31     0.397411
        32     0.397386
        33     0.399324
        34     0.398634
        35     0.399067
        36     0.398848
        37     0.399092
        38     0.398399
        39     0.399646
        40     0.398881
        41     0.400163
        42     0.400606
        43     0.401014
        44     0.401930
        45     0.402603
        46     0.402377
        47     0.402736
        48     0.402810
        49     0.401244
        50     0.401382
        51     0.399566
        52     0.398055
        53     0.396154
        54     0.394136
        55     0.391297
        56     0.389179
        57     0.386330
        58     0.384411
        59     0.381418
        60     0.380173
        61     0.377673
        62     0.376209
        63     0.374789
        64     0.373580
        65     0.372335
        66     0.371805
        67     0.370742
        68     0.369963
        69     0.368885
        70     0.367518
        71     0.366018
        72     0.363403
        73     0.361492
        74     0.358095
        75     0.354549
        76     0.350843
        77     0.346259
        78     0.341341
        79     0.336406
        80     0.331813
        81     0.326317
        82     0.322032
        83     0.317643
        84     0.312584
        85     0.307776
        86     0.303219
        87     0.296349
# Cycle: 25, status: NCR, move: ('s-', 0.3508431404304644, 70, 76)
#     Time       Orderp
         0     0.299948
         1     0.305004
         2     0.310577
         3     0.315347
         4     0.320839
         5     0.325459
         6     0.330379
         7     0.334622
         8     0.339973
         9     0.343949
        10     0.349227
        11     0.353764
        12     0.357733
        13     0.362071
        14     0.365836
        15     0.368161
        16     0.371627
        17     0.373259
        18     0.374985
        19     0.376610
        20     0.377914
        21     0.378730
        22     0.380958
        23     0.381533
        24     0.383991
        25     0.385705
        26     0.387526
        27     0.389934
        28     0.392026
        29     0.393635
        30     0.395656
        31     0.397411
        32     0.397386
        33     0.399324
        34     0.398634
        35     0.399067
        36     0.398848
        37     0.399092
        38     0.398399
        39     0.399646
        40     0.398881
        41     0.400163
        42     0.400606
        43     0.401014
        44     0.401930
        45     0.402603
        46     0.402377
        47     0.402736
        48     0.402810
        49     0.401244
        50     0.401382
        51     0.399566
        52     0.398055
        53     0.396154
        54     0.394136
        55     0.391297
        56     0.389179
        57     0.386330
        58     0.384411
        59     0.381418
        60     0.380173
        61     0.377673
        62     0.376209
        63     0.374789
        64     0.373580
        65     0.372335
        66     0.371805
        67     0.370742
        68     0.369963
        69     0.368885
        70     0.367518
        71     0.366018
        72     0.363403
        73     0.361492
        74     0.358095
        75     0.354549
        76     0.350843
        77     0.346259
        78     0.341341
        79     0.336406
        80     0.331813
        81     0.326317
        82     0.322032
        83     0.317643
        84     0.312584
        85     0.307776
        86     0.303219
        87     0.296349
# Cycle: 26, status: BWI, move: ('tr', 0, 0, 0)
#     Time       Orderp
         0     0.503322
         1     0.499956
         2     0.497578
         3     0.492823
         4     0.489959
         5     0.485825
         6     0.480950
         7     0.476645
         8     0.471790
         9     0.466301
        10     0.461864
        11     0.456750
        12     0.452852
        13     0.448591
        14     0.445488
        15     0.442135
        16     0.439403
        17     0.435925
        18     0.432769
        19     0.429416
        20     0.424364
        21     0.420619
        22     0.415046
        23     0.409290
        24     0.403455
        25     0.396911
        26     0.390157
        27     0.383141
        28     0.376765
        29     0.369863
        30     0.363800
        31     0.357583
        32     0.351913
        33     0.345397
        34     0.339072
        35     0.331727
        36     0.324129
        37     0.315011
        38     0.306020
        39     0.296072
# Cycle: 27, status: BWI, move: ('tr', 0, 0, 0)
#     Time       Orderp
         0     0.503322
         1     0.499956
         2     0.497578
         3     0.492823
         4     0.489959
         5     0.485825
         6     0.480950
         7     0.476645
         8     0.471790
         9     0.466301
        10     0.461864
        11     0.456750
        12     0.452852
        13     0.448591
        14     0.445488
        15     0.442135
        16     0.439403
        17     0.435925
        18     0.432769
        19     0.429416
        20     0.424364
        21     0.420619
        22     0.415046
        23     0.409290
        24     0.403455
        25     0.396911
        26     0.390157
        27     0.383141
        28     0.376765
        29     0.369863
        30     0.363800
        31     0.357583
        32     0.351913
        33     0.345397
        34     0.339072
        35     0.331727
        36     0.324129
        37     0.315011
        38     0.306020
        39     0.296072
# Cycle: 28, status: BWI, move: ('tr', 0, 0, 0)
#     Time       Orderp
         0     0.503322
         1     0.499956
         2     0.497578
         3     0.492823
         4     0.489959
         5     0.485825
         6     0.480950
         7     0.476645
         8     0.471790
         9     0.466301
        10     0.461864
        11     0.456750
        12     0.452852
        13     0.448591
        14     0.445488
        15     0.442135
        16     0.439403
        17     0.435925
        18     0.432769
        19     0.429416
        20     0.424364
        21     0.420619
        22     0.415046
        23     0.409290
        24     0.403455
        25     0.396911
        26     0.390157
        27     0.383141
        28     0.376765
        29     0.369863
        30     0.363800
        31     0.357583
        32     0.351913
        33     0.345397
        34     0.339072
        35     0.331727
        36     0.324129
        37     0.315011
        38     0.306020
        39     0.296072
# Cycle: 29, status: FTL, move: ('sh', 0.4092895029672451, 16, 38)
#     Time       Orderp
         0     0.298800
         1     0.305494
         2     0.311648
         3     0.317994
         4     0.323428
         5     0.329452
         6     0.333792
         7     0.339103
         8     0.343144
         9     0.347876
        10     0.351525
        11     0.356312
        12     0.359400
        13     0.363624
        14     0.366902
        15     0.370588
        16     0.373412
        17     0.377429
        18     0.379700
        19     0.383061
        20     0.385678
        21     0.387802
        22     0.390203
        23     0.391839
        24     0.393624
        25     0.394718
        26     0.396377
        27     0.396979
        28     0.398916
        29     0.399309
        30     0.401540
        31     0.402452
        32     0.404243
        33     0.405373
        34     0.407251
        35     0.407530
        36     0.408867
        37     0.409340
        38     0.409290
        39     0.409324
        40     0.409310
        41     0.408100
        42     0.407649
        43     0.406743
        44     0.405197
# Cycle: 30, status: ACC, move: ('00', 0.4999558123551619, 52, 38)
#     Time       Orderp
         0     0.296072
         1     0.306020
         2     0.315011
         3     0.324129
         4     0.331727
         5     0.339072
         6     0.345397
         7     0.351913
         8     0.357583
         9     0.363800
        10     0.369863
        11     0.376765
        12     0.383141
        13     0.390157
        14     0.396911
        15     0.403455
        16     0.409290
        17     0.415046
        18     0.420619
        19     0.424364
        20     0.429416
        21     0.432769
        22     0.435925
        23     0.439403
        24     0.442135
        25     0.445488
        26     0.448591
        27     0.452852
        28     0.456750
        29     0.461864
        30     0.466301
        31     0.471790
        32     0.476645
        33     0.480950
        34     0.485825
        35     0.489959
        36     0.492823
        37     0.497578
        38     0.499956
        39     0.503322
# Cycle: 31, status: FTL, move: ('sh', 0.4243641258095558, 19, 31)
#     Time       Orderp
         0     0.293207
         1     0.300338
         2     0.307543
         3     0.314106
         4     0.320903
         5     0.327757
         6     0.334538
         7     0.340853
         8     0.346985
         9     0.352506
        10     0.357292
        11     0.361776
        12     0.365284
        13     0.369081
        14     0.371952
        15     0.375007
        16     0.377940
        17     0.381074
        18     0.383506
        19     0.387126
        20     0.389681
        21     0.392982
        22     0.396037
        23     0.399592
        24     0.402523
        25     0.406378
        26     0.409553
        27     0.413227
        28     0.416139
        29     0.419679
        30     0.422488
        31     0.424364
        32     0.427497
        33     0.428326
        34     0.429991
        35     0.430974
        36     0.431548
        37     0.431608
        38     0.431986
        39     0.431440
        40     0.431574
        41     0.431008
        42     0.431126
        43     0.431489
        44     0.431083
        45     0.432482
        46     0.432893
        47     0.433890
        48     0.435751
        49     0.437365
        50     0.439080
        51     0.441721
        52     0.443852
        53     0.445953
        54     0.447876
        55     0.450105
        56     0.450402
        57     0.451834
        58     0.452084
        59     0.452162
        60     0.451925
        61     0.452348
        62     0.451251
        63     0.451736
        64     0.450990
        65     0.451091
        66     0.450656
        67     0.450719
        68     0.450375
        69     0.450612
        70     0.450119
        71     0.450896
        72     0.450450
        73     0.450933
        74     0.451055
        75     0.451208
        76     0.450941
        77     0.451316
        78     0.450857
        79     0.450638
        80     0.450658
        81     0.449980
# Cycle: 32, status: NCR, move: ('s-', 0, 0, 0)
#     Time       Orderp
         0     0.296349
         1     0.303219
         2     0.307776
         3     0.312584
         4     0.317643
         5     0.322032
         6     0.326317
         7     0.331813
         8     0.336406
         9     0.341341
        10     0.346259
        11     0.350843
        12     0.354549
        13     0.358095
        14     0.361492
        15     0.363403
        16     0.366018
        17     0.367518
        18     0.368885
        19     0.369963
        20     0.370742
        21     0.371805
        22     0.372335
        23     0.373580
        24     0.374789
        25     0.376209
        26     0.377673
        27     0.380173
        28     0.381418
        29     0.384411
        30     0.386330
        31     0.389179
        32     0.391297
        33     0.394136
        34     0.396154
        35     0.398055
        36     0.399566
        37     0.401382
        38     0.401244
        39     0.402810
        40     0.402736
        41     0.402377
        42     0.402603
        43     0.401930
        44     0.401014
        45     0.400606
        46     0.400163
        47     0.398881
        48     0.399646
        49     0.398399
        50     0.399092
        51     0.398848
        52     0.399067
        53     0.398634
        54     0.399324
        55     0.397386
        56     0.397411
        57     0.395656
        58     0.393635
        59     0.392026
        60     0.389934
        61     0.387526
        62     0.385705
        63     0.383991
        64     0.381533
        65     0.380958
        66     0.378730
        67     0.377914
        68     0.376610
        69     0.374985
        70     0.373259
        71     0.371627
        72     0.368161
        73     0.365836
        74     0.362071
        75     0.357733
        76     0.353764
        77     0.349227
        78     0.343949
        79     0.339973
        80     0.334622
        81     0.330379
        82     0.325459
        83     0.320839
        84     0.315347
        85     0.310577
        86     0.305004
        87     0.299948
# Cycle: 33, status: BTL, move: ('sh', 0.46630120686952087, 30, 0)
#     Time       Orderp
         0     0.466301
         1     0.467300
         2     0.466812
         3     0.466652
         4     0.466022
         5     0.465268
         6     0.463540
         7     0.463109
         8     0.460901
         9     0.459984
        10     0.458156
        11     0.456947
        12     0.454788
        13     0.453937
        14     0.451571
        15     0.450605
        16     0.448685
        17     0.447374
        18     0.445699
        19     0.444227
        20     0.442317
        21     0.440522
        22     0.438489
        23     0.435712
        24     0.433731
        25     0.430329
        26     0.428056
        27     0.424512
        28     0.422426
        29     0.418799
        30     0.417039
        31     0.413940
        32     0.412527
        33     0.409976
        34     0.408872
        35     0.407100
        36     0.405643
        37     0.403658
        38     0.402296
        39     0.399242
        40     0.396652
        41     0.394054
        42     0.389725
        43     0.386182
        44     0.382175
        45     0.376734
        46     0.372004
        47     0.366665
        48     0.361051
# Cycle: 34, status: ACC, move: ('00', 0.4999558123551619, 52, 38)
#     Time       Orderp
         0     0.296072
         1     0.306020
         2     0.315011
         3     0.324129
         4     0.331727
         5     0.339072
         6     0.345397
         7     0.351913
         8     0.357583
         9     0.363800
        10     0.369863
        11     0.376765
        12     0.383141
        13     0.390157
        14     0.396911
        15     0.403455
        16     0.409290
        17     0.415046
        18     0.420619
        19     0.424364
        20     0.429416
        21     0.432769
        22     0.435925
        23     0.439403
        24     0.442135
        25     0.445488
        26     0.448591
        27     0.452852
        28     0.456750
        29     0.461864
        30     0.466301
        31     0.471790
        32     0.476645
        33     0.480950
        34     0.485825
        35     0.489959
        36     0.492823
        37     0.497578
        38     0.499956
        39     0.503322
# Cycle: 35, status: ACC, move: ('00', 0.4999558123551619, 52, 38)
#     Time       Orderp
         0     0.296072
         1     0.306020
         2     0.315011
         3     0.324129
         4     0.331727
         5     0.339072
         6     0.345397
         7     0.351913
         8     0.357583
         9     0.363800
        10     0.369863
        11     0.376765
        12     0.383141
        13     0.390157
        14     0.396911
        15     0.403455
        16     0.409290
        17     0.415046
        18     0.420619
        19     0.424364
        20     0.429416
        21     0.432769
        22     0.435925
        23     0.439403
        24     0.442135
        25     0.445488
        26     0.448591
        27     0.452852
        28     0.456750
        29     0.461864
        30     0.466301
        31     0.471790
        32     0.476645
        33     0.480950
        34     0.485825
        35     0.489959
        36     0.492823
        37     0.497578
        38     0.499956
        39     0.503322
# Cycle: 36, status: BTL, move: ('sh', 0.4034548859391562, 15, 0)
#     Time       Orderp
         0     0.403455
         1     0.405802
         2     0.407928
         3     0.410247
         4     0.411871
         5     0.413374
         6     0.415213
         7     0.416271
         8     0.417679
         9     0.418862
        10     0.420184
        11     0.421004
        12     0.422471
        13     0.423529
        14     0.424491
        15     0.425994
        16     0.427199
        17     0.428059
        18     0.429993
        19     0.430509
        20     0.432050
        21     0.433152
        22     0.434061
        23     0.435143
        24     0.436336
        25     0.436482
        26     0.437802
        27     0.437722
        28     0.437661
        29     0.438224
        30     0.437107
        31     0.436883
        32     0.436277
        33     0.435098
        34     0.433922
        35     0.433316
        36     0.431062
        37     0.430112
        38     0.428199
        39     0.425953
        40     0.423870
        41     0.421684
        42     0.418775
        43     0.416466
        44     0.414283
        45     0.411367
        46     0.409558
        47     0.407501
        48     0.405318
        49     0.403785
        50     0.402229
        51     0.400460
        52     0.399246
# Cycle: 37, status: NCR, move: ('s-', 0.37074157909215716, 20, 14)
#     Time       Orderp
         0     0.297445
         1     0.305226
         2     0.311949
         3     0.319199
         4     0.325225
         5     0.331709
         6     0.337005
         7     0.342512
         8     0.347386
         9     0.351761
        10     0.356153
        11     0.360135
        12     0.363676
        13     0.367628
        14     0.370742
        15     0.374175
        16     0.377463
        17     0.380358
        18     0.383626
        19     0.386459
        20     0.389407
        21     0.391998
        22     0.394743
        23     0.396785
        24     0.399290
        25     0.400558
        26     0.402999
        27     0.403405
        28     0.405260
        29     0.405739
        30     0.406681
        31     0.406979
        32     0.408339
        33     0.407935
        34     0.409559
        35     0.409739
        36     0.410451
        37     0.411556
        38     0.411872
        39     0.412359
        40     0.413310
        41     0.412740
        42     0.412960
        43     0.413131
        44     0.411315
        45     0.411480
        46     0.409909
        47     0.408043
        48     0.406799
        49     0.405122
        50     0.401639
        51     0.400999
        52     0.397144
        53     0.394872
        54     0.392194
        55     0.389492
        56     0.385684
        57     0.384164
        58     0.379779
        59     0.377263
        60     0.374120
        61     0.370019
        62     0.366450
        63     0.362424
        64     0.357280
        65     0.352396
        66     0.347645
        67     0.340767
        68     0.336211
        69     0.329219
        70     0.323188
        71     0.316359
        72     0.310005
        73     0.301425
        74     0.295751
# Cycle: 38, status: ACC, move: ('00', 0.4999558123551619, 52, 38)
#     Time       Orderp
         0     0.296072
         1     0.306020
         2     0.315011
         3     0.324129
         4     0.331727
         5     0.339072
         6     0.345397
         7     0.351913
         8     0.357583
         9     0.363800
        10     0.369863
        11     0.376765
        12     0.383141
        13     0.390157
        14     0.396911
        15     0.403455
        16     0.409290
        17     0.415046
        18     0.420619
        19     0.424364
        20     0.429416
        21     0.432769
        22     0.435925
        23     0.439403
        24     0.442135
        25     0.445488
        26     0.448591
        27     0.452852
        28     0.456750
        29     0.461864
        30     0.466301
        31     0.471790
        32     0.476645
        33     0.480950
        34     0.485825
        35     0.489959
        36     0.492823
        37     0.497578
        38     0.499956
        39     0.503322
# Cycle: 39, status: NCR, move: ('s-', 0.37074157909215716, 20, 14)
#     Time       Orderp
         0     0.297445
         1     0.305226
         2     0.311949
         3     0.319199
         4     0.325225
         5     0.331709
         6     0.337005
         7     0.342512
         8     0.347386
         9     0.351761
        10     0.356153
        11     0.360135
        12     0.363676
        13     0.367628
        14     0.370742
        15     0.374175
        16     0.377463
        17     0.380358
        18     0.383626
        19     0.386459
        20     0.389407
        21     0.391998
        22     0.394743
        23     0.396785
        24     0.399290
        25     0.400558
        26     0.402999
        27     0.403405
        28     0.405260
        29     0.405739
        30     0.406681
        31     0.406979
        32     0.408339
        33     0.407935
        34     0.409559
        35     0.409739
        36     0.410451
        37     0.411556
        38     0.411872
        39     0.412359
        40     0.413310
        41     0.412740
        42     0.412960
        43     0.413131
        44     0.411315
        45     0.411480
        46     0.409909
        47     0.408043
        48     0.406799
        49     0.405122
        50     0.401639
        51     0.400999
        52     0.397144
        53     0.394872
        54     0.392194
        55     0.389492
        56     0.385684
        57     0.384164
        58     0.379779
        59     0.377263
        60     0.374120
        61     0.370019
        62     0.366450
        63     0.362424
        64     0.357280
        65     0.352396
        66     0.347645
        67     0.340767
        68     0.336211
        69     0.329219
        70     0.323188
        71     0.316359
        72     0.310005
        73     0.301425
        74     0.295751
# Cycle: 40, status: ACC, move: ('00', 0.4999558123551619, 52, 38)
#     Time       Orderp
         0     0.296072
         1     0.306020
         2     0.315011
         3     0.324129
         4     0.331727
         5     0.339072
         6     0.345397
         7     0.351913
         8     0.357583
         9     0.363800
        10     0.369863
        11     0.376765
        12     0.383141
        13     0.390157
        14     0.396911
        15     0.403455
        16     0.409290
        17     0.415046
        18     0.420619
        19     0.424364
        20     0.429416
        21     0.432769
        22     0.435925
        23     0.439403
        24     0.442135
        25     0.445488
        26     0.448591
        27     0.452852
        28     0.456750
        29     0.461864
        30     0.466301
        31     0.471790
        32     0.476645
        33     0.480950
        34     0.485825
        35     0.489959
        36     0.492823
        37     0.497578
        38     0.499956
        39     0.503322
# Cycle: 41, status: ACC, move: ('00', 0.4999558123551619, 52, 38)
#     Time       Orderp
         0     0.296072
         1     0.306020
         2     0.315011
         3     0.324129
         4     0.331727
         5     0.339072
         6     0.345397
         7     0.351913
         8     0.357583
         9     0.363800
        10     0.369863
        11     0.376765
        12     0.383141
        13     0.390157
        14     0.396911
        15     0.403455
        16     0.409290
        17     0.415046
        18     0.420619
        19     0.424364
        20     0.429416
        21     0.432769
        22     0.435925
        23     0.439403
        24     0.442135
        25     0.445488
        26     0.448591
        27     0.452852
        28     0.456750
        29     0.461864
        30     0.466301
        31     0.471790
        32     0.476645
        33     0.480950
        34     0.485825
        35     0.489959
        36     0.492823
        37     0.497578
        38     0.499956
        39     0.503322
# Cycle: 42, status: NCR, move: ('s-', 0.37074157909215716, 20, 14)
#     Time       Orderp
         0     0.297445
         1     0.305226
         2     0.311949
         3     0.319199
         4     0.325225
         5     0.331709
         6     0.337005
         7     0.342512
         8     0.347386
         9     0.351761
        10     0.356153
        11     0.360135
        12     0.363676
        13     0.367628
        14     0.370742
        15     0.374175
        16     0.377463
        17     0.380358
        18     0.383626
        19     0.386459
        20     0.389407
        21     0.391998
        22     0.394743
        23     0.396785
        24     0.399290
        25     0.400558
        26     0.402999
        27     0.403405
        28     0.405260
        29     0.405739
        30     0.406681
        31     0.406979
        32     0.408339
        33     0.407935
        34     0.409559
        35     0.409739
        36     0.410451
        37     0.411556
        38     0.411872
        39     0.412359
        40     0.413310
        41     0.412740
        42     0.412960
        43     0.413131
        44     0.411315
        45     0.411480
        46     0.409909
        47     0.408043
        48     0.406799
        49     0.405122
        50     0.401639
        51     0.400999
        52     0.397144
        53     0.394872
        54     0.392194
        55     0.389492
        56     0.385684
        57     0.384164
        58     0.379779
        59     0.377263
        60     0.374120
        61     0.370019
        62     0.366450
        63     0.362424
        64     0.357280
        65     0.352396
        66     0.347645
        67     0.340767
        68     0.336211
        69     0.329219
        70     0.323188
        71     0.316359
        72     0.310005
        73     0.301425
        74     0.295751
# Cycle: 43, status: ACC, move: ('00', 0.4999558123551619, 52, 38)
#     Time       Orderp
         0     0.296072
         1     0.306020
         2     0.315011
         3     0.324129
         4     0.331727
         5     0.339072
         6     0.345397
         7     0.351913
         8     0.357583
         9     0.363800
        10     0.369863
        11     0.376765
        12     0.383141
        13     0.390157
        14     0.396911
        15     0.403455
        16     0.409290
        17     0.415046
        18     0.420619
        19     0.424364
        20     0.429416
        21     0.432769
        22     0.435925
        23     0.439403
        24     0.442135
        25     0.445488
        26     0.448591
        27     0.452852
        28     0.456750
        29     0.461864
        30     0.466301
        31     0.471790
        32     0.476645
        33     0.480950
        34     0.485825
        35     0.489959
        36     0.492823
        37     0.497578
        38     0.499956
        39     0.503322
# Cycle: 44, status: NCR, move: ('s-', 0.37074157909215716, 20, 14)
#     Time       Orderp
         0     0.297445
         1     0.305226
         2     0.311949
         3     0.319199
         4     0.325225
         5     0.331709
         6     0.337005
         7     0.342512
         8     0.347386
         9     0.351761
        10     0.356153
        11     0.360135
        12     0.363676
        13     0.367628
        14     0.370742
        15     0.374175
        16     0.377463
        17     0.380358
        18     0.383626
        19     0.386459
        20     0.389407
        21     0.391998
        22     0.394743
        23     0.396785
        24     0.399290
        25     0.400558
        26     0.402999
        27     0.403405
        28     0.405260
        29     0.405739
        30     0.406681
        31     0.406979
        32     0.408339
        33     0.407935
        34     0.409559
        35     0.409739
        36     0.410451
        37     0.411556
        38     0.411872
        39     0.412359
        40     0.413310
        41     0.412740
        42     0.412960
        43     0.413131
        44     0.411315
        45     0.411480
        46     0.409909
        47     0.408043
        48     0.406799
        49     0.405122
        50     0.401639
        51     0.400999
        52     0.397144
        53     0.394872
        54     0.392194
        55     0.389492
        56     0.385684
        57     0.384164
        58     0.379779
        59     0.377263
        60     0.374120
        61     0.370019
        62     0.366450
        63     0.362424
        64     0.357280
        65     0.352396
        66     0.347645
        67     0.340767
        68     0.336211
        69     0.329219
        70     0.323188
        71     0.316359
        72     0.310005
        73     0.301425
        74     0.295751
# Cycle: 45, status: NCR, move: ('s-', 0.37074157909215716, 20, 14)
#     Time       Orderp
         0     0.297445
         1     0.305226
         2     0.311949
         3     0.319199
         4     0.325225
         5     0.331709
         6     0.337005
         7     0.342512
         8     0.347386
         9     0.351761
        10     0.356153
        11     0.360135
        12     0.363676
        13     0.367628
        14     0.370742
        15     0.374175
        16     0.377463
        17     0.380358
        18     0.383626
        19     0.386459
        20     0.389407
        21     0.391998
        22     0.394743
        23     0.396785
        24     0.399290
        25     0.400558
        26     0.402999
        27     0.403405
        28     0.405260
        29     0.405739
        30     0.406681
        31     0.406979
        32     0.408339
        33     0.407935
        34     0.409559
        35     0.409739
        36     0.410451
        37     0.411556
        38     0.411872
        39     0.412359
        40     0.413310
        41     0.412740
        42     0.412960
        43     0.413131
        44     0.411315
        45     0.411480
        46     0.409909
        47     0.408043
        48     0.406799
        49     0.405122
        50     0.401639
        51     0.400999
        52     0.397144
        53     0.394872
        54     0.392194
        55     0.389492
        56     0.385684
        57     0.384164
        58     0.379779
        59     0.377263
        60     0.374120
        61     0.370019
        62     0.366450
        63     0.362424
        64     0.357280
        65     0.352396
        66     0.347645
        67     0.340767
        68     0.336211
        69     0.329219
        70     0.323188
        71     0.316359
        72     0.310005
        73     0.301425
        74     0.295751
# Cycle: 46, status: NCR, move: ('s-', 0.37074157909215716, 20, 14)
#     Time       Orderp
         0     0.297445
         1     0.305226
         2     0.311949
         3     0.319199
         4     0.325225
         5     0.331709
         6     0.337005
         7     0.342512
         8     0.347386
         9     0.351761
        10     0.356153
        11     0.360135
        12     0.363676
        13     0.367628
        14     0.370742
        15     0.374175
        16     0.377463
        17     0.380358
        18     0.383626
        19     0.386459
        20     0.389407
        21     0.391998
        22     0.394743
        23     0.396785
        24     0.399290
        25     0.400558
        26     0.402999
        27     0.403405
        28     0.405260
        29     0.405739
        30     0.406681
        31     0.406979
        32     0.408339
        33     0.407935
        34     0.409559
        35     0.409739
        36     0.410451
        37     0.411556
        38     0.411872
        39     0.412359
        40     0.413310
        41     0.412740
        42     0.412960
        43     0.413131
        44     0.411315
        45     0.411480
        46     0.409909
        47     0.408043
        48     0.406799
        49     0.405122
        50     0.401639
        51     0.400999
        52     0.397144
        53     0.394872
        54     0.392194
        55     0.389492
        56     0.385684
        57     0.384164
        58     0.379779
        59     0.377263
        60     0.374120
        61     0.370019
        62     0.366450
        63     0.362424
        64     0.357280
        65     0.352396
        66     0.347645
        67     0.340767
        68     0.336211
        69     0.329219
        70     0.323188
        71     0.316359
        72     0.310005
        73     0.301425
        74     0.295751
# Cycle: 47, status: NCR, move: ('s-', 0.37074157909215716, 20, 14)
#     Time       Orderp
         0     0.297445
         1     0.305226
         2     0.311949
         3     0.319199
         4     0.325225
         5     0.331709
         6     0.337005
         7     0.342512
         8     0.347386
         9     0.351761
        10     0.356153
        11     0.360135
        12     0.363676
        13     0.367628
        14     0.370742
        15     0.374175
        16     0.377463
        17     0.380358
        18     0.383626
        19     0.386459
        20     0.389407
        21     0.391998
        22     0.394743
        23     0.396785
        24     0.399290
        25     0.400558
        26     0.402999
        27     0.403405
        28     0.405260
        29     0.405739
        30     0.406681
        31     0.406979
        32     0.408339
        33     0.407935
        34     0.409559
        35     0.409739
        36     0.410451
        37     0.411556
        38     0.411872
        39     0.412359
        40     0.413310
        41     0.412740
        42     0.412960
        43     0.413131
        44     0.411315
        45     0.411480
        46     0.409909
        47     0.408043
        48     0.406799
        49     0.405122
        50     0.401639
        51     0.400999
        52     0.397144
        53     0.394872
        54     0.392194
        55     0.389492
        56     0.385684
        57     0.384164
        58     0.379779
        59     0.377263
        60     0.374120
        61     0.370019
        62     0.366450
        63     0.362424
        64     0.357280
        65     0.352396
        66     0.347645
        67     0.340767
        68     0.336211
        69     0.329219
        70     0.323188
        71     0.316359
        72     0.310005
        73     0.301425
        74     0.295751
# Cycle: 48, status: NCR, move: ('sh', 0.31501059294642847, 2, 4)
#     Time       Orderp
         0     0.296979
         1     0.302056
         2     0.306707
         3     0.311235
         4     0.315011
         5     0.319043
         6     0.321817
         7     0.324275
         8     0.326038
         9     0.327273
        10     0.327587
        11     0.327905
        12     0.328120
        13     0.328442
        14     0.328788
        15     0.329810
        16     0.330871
        17     0.332250
        18     0.333678
        19     0.335298
        20     0.337038
        21     0.337273
        22     0.338502
        23     0.338196
        24     0.336922
        25     0.335865
        26     0.333903
        27     0.330687
        28     0.327927
        29     0.324875
        30     0.320895
        31     0.318170
        32     0.314559
        33     0.311352
        34     0.307272
        35     0.303800
        36     0.298294
# Cycle: 49, status: BWI, move: ('tr', 0, 0, 0)
#     Time       Orderp
         0     0.503322
         1     0.499956
         2     0.497578
         3     0.492823
         4     0.489959
         5     0.485825
         6     0.480950
         7     0.476645
         8     0.471790
         9     0.466301
        10     0.461864
        11     0.456750
        12     0.452852
        13     0.448591
        14     0.445488
        15     0.442135
        16     0.439403
        17     0.435925
        18     0.432769
        19     0.429416
        20     0.424364
        21     0.420619
        22     0.415046
        23     0.409290
        24     0.403455
        25     0.396911
        26     0.390157
        27     0.383141
        28     0.376765
        29     0.369863
        30     0.363800
        31     0.357583
        32     0.351913
        33     0.345397
        34     0.339072
        35     0.331727
        36     0.324129
        37     0.315011
        38     0.306020
        39     0.296072
# Cycle: 50, status: ACC, move: ('00', 0.4999558123551619, 52, 38)
#     Time       Orderp
         0     0.296072
         1     0.306020
         2     0.315011
         3     0.324129
         4     0.331727
         5     0.339072
         6     0.345397
         7     0.351913
         8     0.357583
         9     0.363800
        10     0.369863
        11     0.376765
        12     0.383141
        13     0.390157
        14     0.396911
        15     0.403455
        16     0.409290
        17     0.415046
        18     0.420619
        19     0.424364
        20     0.429416
        21     0.432769
        22     0.435925
        23     0.439403
        24     0.442135
        25     0.445488
        26     0.448591
        27     0.452852
        28     0.456750
        29     0.461864
        30     0.466301
        31     0.471790
        32     0.476645
        33     0.480950
        34     0.485825
        35     0.489959
        36     0.492823
        37     0.497578
        38     0.499956
        39     0.503322
# Cycle: 51, status: ACC, move: ('00', 0.4999558123551619, 52, 38)
#     Time       Orderp
         0     0.296072
         1     0.306020
         2     0.315011
         3     0.324129
         4     0.331727
         5     0.339072
         6     0.345397
         7     0.351913
         8     0.357583
         9     0.363800
        10     0.369863
        11     0.376765
        12     0.383141
        13     0.390157
        14     0.396911
        15     0.403455
        16     0.409290
        17     0.415046
        18     0.420619
        19     0.424364
        20     0.429416
        21     0.432769
        22     0.435925
        23     0.439403
        24     0.442135
        25     0.445488
        26     0.448591
        27     0.452852
        28     0.456750
        29     0.461864
        30     0.466301
        31     0.471790
        32     0.476645
        33     0.480950
        34     0.485825
        35     0.489959
        36     0.492823
        37     0.497578
        38     0.499956
        39     0.503322
# Cycle: 52, status: ACC, move: ('00', 0.4999558123551619, 52, 38)
#     Time       Orderp
         0     0.296072
         1     0.306020
         2     0.315011
         3     0.324129
         4     0.331727
         5     0.339072
         6     0.345397
         7     0.351913
         8     0.357583
         9     0.363800
        10     0.369863
        11     0.376765
        12     0.383141
        13     0.390157
        14     0.396911
        15     0.403455
        16     0.409290
        17     0.415046
        18     0.420619
        19     0.424364
        20     0.429416
        21     0.432769
        22     0.435925
        23     0.439403
        24     0.442135
        25     0.445488
        26     0.448591
        27     0.452852
        28     0.456750
        29     0.461864
        30     0.466301
        31     0.471790
        32     0.476645
        33     0.480950
        34     0.485825
        35     0.489959
        36     0.492823
        37     0.497578
        38     0.499956
        39     0.503322
# Cycle: 53, status: ACC, move: ('00', 0.4999558123551619, 52, 38)
#     Time       Orderp
         0     0.296072
         1     0.306020
         2     0.315011
         3     0.324129
         4     0.331727
         5     0.339072
         6     0.345397
         7     0.351913
         8     0.357583
         9     0.363800
        10     0.369863
        11     0.376765
        12     0.383141
        13     0.390157
        14     0.396911
        15     0.403455
        16     0.409290
        17     0.415046
        18     0.420619
        19     0.424364
        20     0.429416
        21     0.432769
        22     0.435925
        23     0.439403
        24     0.442135
        25     0.445488
        26     0.448591
        27     0.452852
        28     0.456750
        29     0.461864
        30     0.466301
        31     0.471790
        32     0.476645
        33     0.480950
        34     0.485825
        35     0.489959
        36     0.492823
        37     0.497578
        38     0.499956
        39     0.503322
# Cycle: 54, status: FTL, move: ('sh', 0.48095047060679885, 33, 63)
#     Time       Orderp
         0     0.296304
         1     0.302701
         2     0.309308
         3     0.315520
         4     0.322269
         5     0.327979
         6     0.334073
         7     0.339341
         8     0.344925
         9     0.348922
        10     0.353926
        11     0.357218
        12     0.360957
        13     0.364073
        14     0.367267
        15     0.370038
        16     0.373138
        17     0.375531
        18     0.378388
        19     0.380321
        20     0.382841
        21     0.384790
        22     0.386883
        23     0.389506
        24     0.392161
        25     0.394885
        26     0.398889
        27     0.402240
        28     0.406657
        29     0.410345
        30     0.414849
        31     0.418015
        32     0.421185
        33     0.424389
        34     0.426591
        35     0.428925
        36     0.431646
        37     0.433329
        38     0.435641
        39     0.437859
        40     0.439248
        41     0.440807
        42     0.442396
        43     0.442716
        44     0.443928
        45     0.444396
        46     0.445489
        47     0.445962
        48     0.447641
        49     0.448967
        50     0.450437
        51     0.452868
        52     0.454848
        53     0.457278
        54     0.460073
        55     0.462709
        56     0.465570
        57     0.468448
        58     0.470996
        59     0.474142
        60     0.475689
        61     0.478498
        62     0.479992
        63     0.480950
        64     0.482259
        65     0.482790
        66     0.482635
        67     0.483213
        68     0.483064
        69     0.482994
        70     0.483354
        71     0.483299
        72     0.484103
        73     0.483849
# Cycle: 55, status: BWI, move: ('tr', 0, 0, 0)
#     Time       Orderp
         0     0.503322
         1     0.499956
         2     0.497578
         3     0.492823
         4     0.489959
         5     0.485825
         6     0.480950
         7     0.476645
         8     0.471790
         9     0.466301
        10     0.461864
        11     0.456750
        12     0.452852
        13     0.448591
        14     0.445488
        15     0.442135
        16     0.439403
        17     0.435925
        18     0.432769
        19     0.429416
        20     0.424364
        21     0.420619
        22     0.415046
        23     0.409290
        24     0.403455
        25     0.396911
        26     0.390157
        27     0.383141
        28     0.376765
        29     0.369863
        30     0.363800
        31     0.357583
        32     0.351913
        33     0.345397
        34     0.339072
        35     0.331727
        36     0.324129
        37     0.315011
        38     0.306020
        39     0.296072
# Cycle: 56, status: NCR, move: ('s-', 0, 0, 0)
#     Time       Orderp
         0     0.296222
         1     0.302663
         2     0.307971
         3     0.314487
         4     0.320028
         5     0.324964
         6     0.329832
         7     0.334247
         8     0.338184
         9     0.341736
        10     0.344880
        11     0.347757
        12     0.350682
        13     0.352463
        14     0.356133
        15     0.358355
        16     0.361508
        17     0.364823
        18     0.368388
        19     0.370894
        20     0.374971
        21     0.376925
        22     0.380093
        23     0.381901
        24     0.384314
        25     0.385599
        26     0.387676
        27     0.388368
        28     0.389903
        29     0.390478
        30     0.391335
        31     0.392078
        32     0.393026
        33     0.393567
        34     0.395082
        35     0.395810
        36     0.397228
        37     0.398587
        38     0.399963
        39     0.401641
        40     0.403078
        41     0.405098
        42     0.406527
        43     0.408022
        44     0.409846
        45     0.410743
        46     0.411538
        47     0.413062
        48     0.412740
        49     0.413144
        50     0.413704
        51     0.412502
        52     0.412505
        53     0.412206
        54     0.410731
        55     0.410646
        56     0.409774
        57     0.408871
        58     0.408531
        59     0.408151
        60     0.407211
        61     0.407584
        62     0.406561
        63     0.406289
        64     0.405961
        65     0.404976
        66     0.404032
        67     0.403491
        68     0.401437
        69     0.400257
        70     0.398636
        71     0.396113
        72     0.394555
        73     0.392272
        74     0.389664
        75     0.387771
        76     0.385164
        77     0.381999
        78     0.380172
        79     0.376181
        80     0.373070
        81     0.369549
        82     0.364996
        83     0.360148
        84     0.356233
        85     0.350263
        86     0.346225
        87     0.341239
        88     0.336423
        89     0.332160
        90     0.327436
        91     0.321645
        92     0.317053
        93     0.310247
        94     0.304033
        95     0.298437
# Cycle: 57, status: NCR, move: ('s-', 0, 0, 0)
#     Time       Orderp
         0     0.296222
         1     0.302663
         2     0.307971
         3     0.314487
         4     0.320028
         5     0.324964
         6     0.329832
         7     0.334247
         8     0.338184
         9     0.341736
        10     0.344880
        11     0.347757
        12     0.350682
        13     0.352463
        14     0.356133
        15     0.358355
        16     0.361508
        17     0.364823
        18     0.368388
        19     0.370894
        20     0.374971
        21     0.376925
        22     0.380093
        23     0.381901
        24     0.384314
        25     0.385599
        26     0.387676
        27     0.388368
        28     0.389903
        29     0.390478
        30     0.391335
        31     0.392078
        32     0.393026
        33     0.393567
        34     0.395082
        35     0.395810
        36     0.397228
        37     0.398587
        38     0.399963
        39     0.401641
        40     0.403078
        41     0.405098
        42     0.406527
        43     0.408022
        44     0.409846
        45     0.410743
        46     0.411538
        47     0.413062
        48     0.412740
        49     0.413144
        50     0.413704
        51     0.412502
        52     0.412505
        53     0.412206
        54     0.410731
        55     0.410646
        56     0.409774
        57     0.408871
        58     0.408531
        59     0.408151
        60     0.407211
        61     0.407584
        62     0.406561
        63     0.406289
        64     0.405961
        65     0.404976
        66     0.404032
        67     0.403491
        68     0.401437
        69     0.400257
        70     0.398636
        71     0.396113
        72     0.394555
        73     0.392272
        74     0.389664
        75     0.387771
        76     0.385164
        77     0.381999
        78     0.380172
        79     0.376181
        80     0.373070
        81     0.369549
        82     0.364996
        83     0.360148
        84     0.356233
        85     0.350263
        86     0.346225
        87     0.341239
        88     0.336423
        89     0.332160
        90     0.327436
        91     0.321645
        92     0.317053
        93     0.310247
        94     0.304033
        95     0.298437
# Cycle: 58, status: ACC, move: ('sh', 0.44213484602984854, 24, 25)
#     Time       Orderp
         0     0.299639
         1     0.305653
         2     0.311404
         3     0.317239
         4     0.323685
         5     0.330184
         6     0.336303
         7     0.342950
         8     0.349268
         9     0.355101
        10     0.361513
        11     0.367040
        12     0.372745
        13     0.378395
        14     0.383602
        15     0.388881
        16     0.394484
        17     0.399234
        18     0.405057
        19     0.410312
        20     0.415725
        21     0.421332
        22     0.427015
        23     0.431822
        24     0.437672
        25     0.442135
        26     0.447038
        27     0.451563
        28     0.455863
        29     0.459718
        30     0.464068
        31     0.467284
        32     0.471430
        33     0.474617
        34     0.478463
        35     0.481729
        36     0.485666
        37     0.488942
        38     0.493029
        39     0.496746
        40     0.500601
