# Cycle: 38, status: ACC, move: ('wf', 9000, 3, 49)
#     Time      Potential        Kinetic
         0     -24.902720      23.330495            nan            nan
         1     -23.822526      22.036027            nan            nan
         2     -21.003177      19.379348            nan            nan
         3     -18.103466      16.328773            nan            nan
         4     -15.613143      13.683779            nan            nan
         5     -13.597684      11.401744            nan            nan
         6     -11.977223       9.675179            nan            nan
         7     -10.678092       8.414084            nan            nan
         8      -9.630119       7.419991            nan            nan
         9      -8.772198       6.509166            nan            nan
        10      -8.071990       5.918406            nan            nan
        11      -7.486584       5.355123            nan            nan
        12      -6.991042       4.804571            nan            nan
        13      -6.571127       4.457642            nan            nan
        14      -6.213532       4.106652            nan            nan
        15      -5.913550       3.787139            nan            nan
        16      -5.660440       3.498341            nan            nan
        17      -5.454051       3.129527            nan            nan
        18      -5.288292       2.960862            nan            nan
        19      -5.148665       2.779898            nan            nan
        20      -5.044943       2.620977            nan            nan
        21      -4.968343       2.675412            nan            nan
        22      -4.916261       2.639432            nan            nan
        23      -4.878051       2.536974            nan            nan
        24      -4.865285       2.639971            nan            nan
        25      -4.868164       2.701427            nan            nan
        26      -4.894593       2.758388            nan            nan
        27      -4.949211       2.875932            nan            nan
        28      -5.030978       2.999340            nan            nan
        29      -5.140622       3.044922            nan            nan
        30      -5.276423       3.163964            nan            nan
        31      -5.444098       3.362358            nan            nan
        32      -5.647111       3.516479            nan            nan
        33      -5.889361       3.799158            nan            nan
        34      -6.181805       4.052495            nan            nan
        35      -6.521835       4.451232            nan            nan
        36      -6.929560       4.876777            nan            nan
        37      -7.422401       5.489211            nan            nan
        38      -8.018851       6.085931            nan            nan
        39      -8.738788       6.814076            nan            nan
        40      -9.612808       7.522728            nan            nan
        41     -10.688453       8.603300            nan            nan
        42     -12.033062       9.922561            nan            nan
        43     -13.690459      11.435844            nan            nan
        44     -15.744771      13.509595            nan            nan
        45     -18.266305      15.922917            nan            nan
        46     -21.176290      18.698358            nan            nan
        47     -23.963432      21.718349            nan            nan
        48     -24.827754      22.688085            nan            nan
