# Cycle: 46, status: ACC, move: ('wf', 9000, 3, 38)
#     Time      Potential        Kinetic
         0     -24.769725      24.883996            nan            nan
         1     -24.214686      24.302878            nan            nan
         2     -21.732104      21.989224            nan            nan
         3     -18.991876      19.209278            nan            nan
         4     -16.569417      16.775344            nan            nan
         5     -14.571129      14.796429            nan            nan
         6     -12.950771      13.229582            nan            nan
         7     -11.639081      11.963172            nan            nan
         8     -10.573379      10.876879            nan            nan
         9      -9.729082       9.870887            nan            nan
        10      -9.043785       9.044684            nan            nan
        11      -8.497552       8.726772            nan            nan
        12      -8.052757       8.194573            nan            nan
        13      -7.701859       7.782352            nan            nan
        14      -7.427785       7.457719            nan            nan
        15      -7.213623       7.275777            nan            nan
        16      -7.065068       6.976122            nan            nan
        17      -6.969472       7.190659            nan            nan
        18      -6.907150       6.999625            nan            nan
        19      -6.878647       6.918001            nan            nan
        20      -6.896100       7.117174            nan            nan
        21      -6.966441       7.282150            nan            nan
        22      -7.089560       7.487698            nan            nan
        23      -7.266574       7.453511            nan            nan
        24      -7.501783       7.623509            nan            nan
        25      -7.798983       7.687539            nan            nan
        26      -8.184977       8.056897            nan            nan
        27      -8.673401       8.534196            nan            nan
        28      -9.280173       9.428004            nan            nan
        29     -10.030025      10.039557            nan            nan
        30     -10.947135      10.541323            nan            nan
        31     -12.083994      11.805277            nan            nan
        32     -13.496617      12.954958            nan            nan
        33     -15.240739      14.842174            nan            nan
        34     -17.376304      16.871408            nan            nan
        35     -19.898440      19.244439            nan            nan
        36     -22.612592      21.930340            nan            nan
        37     -24.723154      24.271085            nan            nan
