#       time      orderparam
         0      0.25356600
         1      0.32481700
         2      0.32419600
         3      0.32335200
         4      0.32248300
         5      0.32082300
         6      0.32082300
         7      0.32335200
         8      0.32071100
         9      0.32352100
        10      0.32159900
        11      0.32159900
        12      0.32500800
        13      0.32335200
        14      0.32335200
        15      0.32335200
        16      0.32082300
        17      0.32335200
        18      0.32352100
        19      0.32082300
        20      0.32352100
        21      0.32481700
        22      0.32071100
        23      0.32352100
        24      0.32352100
        25      0.32419600
        26      0.25356600
