# Cycle: 0, status: ACC, move: ('ki', 0, 0, 0)
#     Time      Potential        Kinetic
         0     -14.180651      22.449076
         1     -15.525369      23.623978
         2     -14.180651      22.449076
# Cycle: 1, status: BTL, move: ('sh', 0.3007890721436057, 1, 0)
#     Time      Potential        Kinetic
         0     -15.525369      22.449076
         1     -15.336857      22.362017
# Cycle: 2, status: BTL, move: ('sh', 0.3007890721436057, 1, 0)
#     Time      Potential        Kinetic
         0     -15.525369      22.449076
         1      -7.145244      14.368790
# Cycle: 3, status: BTL, move: ('sh', 0.3007890721436057, 1, 0)
#     Time      Potential        Kinetic
         0     -15.525369      22.449076
         1     -13.403874      20.415749
# Cycle: 4, status: BTL, move: ('sh', 0.3007890721436057, 1, 0)
#     Time      Potential        Kinetic
         0     -15.525369      22.449076
         1     -15.471700      22.420588
# Cycle: 5, status: NCR, move: ('s+', 0.3636429349851767, 20, 14)
#     Time      Potential        Kinetic
         0     -12.280883      26.659701
         1     -14.300708      28.516654
         2     -13.152800      27.400991
         3     -11.004870      25.352516
         4     -12.985043      27.192002
         5     -14.713934      28.818437
         6     -12.107087      26.300117
         7     -10.662252      24.812196
         8     -12.762899      26.762934
         9     -10.596788      24.659843
        10      -7.120345      21.272974
        11      -9.933449      23.972886
        12     -10.198892      24.233668
        13      -6.425028      20.629461
        14      -8.276139      22.449076
        15     -10.272058      24.330420
        16      -7.363165      21.548022
        17      -5.557589      19.876166
        18      -6.271423      20.533709
        19      -5.118311      19.443458
        20      -2.213849      16.719982
        21      -2.926818      17.386708
        22      -4.288375      18.677481
        23      -2.625441      17.175613
        24       0.060100      14.561786
        25      -4.669967      19.156529
        26      -3.095952      17.617524
        27      -2.182322      16.815173
        28      -3.532293      18.040067
        29      -7.081039      21.485805
        30      -2.371136      16.894504
        31      -4.121035      18.613703
        32      -5.630522      19.929604
        33      -5.381565      19.708185
        34      -1.983516      16.394340
        35      -5.368444      19.612974
        36      -5.736509      19.885159
        37      -4.359611      18.597144
        38      -4.419364      18.588069
        39      -8.183051      22.205226
        40      -5.580685      19.728073
        41      -4.055677      18.293442
        42      -7.636962      21.711729
        43      -9.159995      23.190778
        44      -7.319502      21.471247
        45     -10.705201      24.802908
        46     -13.587528      27.651483
        47     -12.058136      26.311933
        48     -13.509173      27.788677
        49     -17.490574      31.597816
        50     -15.472285      29.625730
        51     -11.798420      26.091647
        52     -11.615979      25.833393
# Cycle: 6, status: NCR, move: ('s+', 0.3636429349851767, 20, 14)
#     Time      Potential        Kinetic
         0     -12.280883      26.659701
         1     -14.300708      28.516654
         2     -13.152800      27.400991
         3     -11.004870      25.352516
         4     -12.985043      27.192002
         5     -14.713934      28.818437
         6     -12.107087      26.300117
         7     -10.662252      24.812196
         8     -12.762899      26.762934
         9     -10.596788      24.659843
        10      -7.120345      21.272974
        11      -9.933449      23.972886
        12     -10.198892      24.233668
        13      -6.425028      20.629461
        14      -8.276139      22.449076
        15     -10.272058      24.330420
        16      -7.363165      21.548022
        17      -5.557589      19.876166
        18      -6.271423      20.533709
        19      -5.118311      19.443458
        20      -2.213849      16.719982
        21      -2.926818      17.386708
        22      -4.288375      18.677481
        23      -2.625441      17.175613
        24       0.060100      14.561786
        25      -4.669967      19.156529
        26      -3.095952      17.617524
        27      -2.182322      16.815173
        28      -3.532293      18.040067
        29      -7.081039      21.485805
        30      -2.371136      16.894504
        31      -4.121035      18.613703
        32      -5.630522      19.929604
        33      -5.381565      19.708185
        34      -1.983516      16.394340
        35      -5.368444      19.612974
        36      -5.736509      19.885159
        37      -4.359611      18.597144
        38      -4.419364      18.588069
        39      -8.183051      22.205226
        40      -5.580685      19.728073
        41      -4.055677      18.293442
        42      -7.636962      21.711729
        43      -9.159995      23.190778
        44      -7.319502      21.471247
        45     -10.705201      24.802908
        46     -13.587528      27.651483
        47     -12.058136      26.311933
        48     -13.509173      27.788677
        49     -17.490574      31.597816
        50     -15.472285      29.625730
        51     -11.798420      26.091647
        52     -11.615979      25.833393
# Cycle: 7, status: ACC, move: ('tr', 0, 0, 0)
#     Time      Potential        Kinetic
         0     -14.180651      22.449076
         1     -15.525369      23.623978
         2     -14.180651      22.449076
# Cycle: 8, status: NCR, move: ('s+', 0, 0, 0)
#     Time      Potential        Kinetic
         0     -11.615979      25.833393
         1     -11.798420      26.091647
         2     -15.472285      29.625730
         3     -17.490574      31.597816
         4     -13.509173      27.788677
         5     -12.058136      26.311933
         6     -13.587528      27.651483
         7     -10.705201      24.802908
         8      -7.319502      21.471247
         9      -9.159995      23.190778
        10      -7.636962      21.711729
        11      -4.055677      18.293442
        12      -5.580685      19.728073
        13      -8.183051      22.205226
        14      -4.419364      18.588069
        15      -4.359611      18.597144
        16      -5.736509      19.885159
        17      -5.368444      19.612974
        18      -1.983516      16.394340
        19      -5.381565      19.708185
        20      -5.630522      19.929604
        21      -4.121035      18.613703
        22      -2.371136      16.894504
        23      -7.081039      21.485805
        24      -3.532293      18.040067
        25      -2.182322      16.815173
        26      -3.095952      17.617524
        27      -4.669967      19.156529
        28       0.060100      14.561786
        29      -2.625441      17.175613
        30      -4.288375      18.677481
        31      -2.926818      17.386708
        32      -2.213849      16.719982
        33      -5.118311      19.443458
        34      -6.271423      20.533709
        35      -5.557589      19.876166
        36      -7.363165      21.548022
        37     -10.272058      24.330420
        38      -8.276139      22.449076
        39      -6.425028      20.629461
        40     -10.198892      24.233668
        41      -9.933449      23.972886
        42      -7.120345      21.272974
        43     -10.596788      24.659843
        44     -12.762899      26.762934
        45     -10.662252      24.812196
        46     -12.107087      26.300117
        47     -14.713934      28.818437
        48     -12.985043      27.192002
        49     -11.004870      25.352516
        50     -13.152800      27.400991
        51     -14.300708      28.516654
        52     -12.280883      26.659701
# Cycle: 9, status: BTL, move: ('sh', 0.3007890721436057, 1, 0)
#     Time      Potential        Kinetic
         0     -15.525369      22.449076
         1      -9.500961      16.760605
         2      -7.778044      15.288572
# Cycle: 10, status: ACC, move: ('tr', 0, 0, 0)
#     Time      Potential        Kinetic
         0     -14.180651      22.449076
         1     -15.525369      23.623978
         2     -14.180651      22.449076
# Cycle: 11, status: BTL, move: ('sh', 0.3007890721436057, 1, 0)
#     Time      Potential        Kinetic
         0     -15.525369      22.449076
         1     -18.613310      25.462015
# Cycle: 12, status: ACC, move: ('s-', 0, 0, 0)
#     Time      Potential        Kinetic
         0      -6.295355      20.545333
         1      -6.977466      20.952464
         2      -7.728338      21.513565
         3      -2.212633      16.128446
         4      -6.694496      20.470697
         5     -13.122415      26.594341
         6     -12.736971      26.338916
         7      -8.684807      22.423920
         8     -13.118350      26.572349
         9     -11.693527      25.101820
        10      -6.051977      19.701908
        11      -6.576132      20.185321
        12     -11.544215      24.980328
        13      -8.879125      22.546645
        14      -5.591769      19.438077
        15     -10.938886      24.624613
        16      -7.976813      21.761228
        17      -1.975302      16.077499
        18      -2.696011      16.740540
        19      -6.182101      20.117357
        20       0.854115      13.357208
        21       1.020804      13.231995
        22      -3.097568      17.088256
        23      -1.357067      15.436076
        24      -0.259152      14.532498
        25      -6.920435      20.999012
# Cycle: 13, status: NCR, move: ('s+', 0, 0, 0)
#     Time      Potential        Kinetic
         0      -9.363513      22.527385
         1      -7.143956      20.329261
         2      -0.529293      13.949443
         3      -3.171490      16.368690
         4      -6.645861      19.561811
         5      -2.031397      15.063103
         6      -2.096577      15.028327
         7      -8.263442      20.814737
         8      -6.470057      19.049861
         9      -2.346512      15.078745
        10      -7.313983      19.738266
        11     -10.699283      22.924780
        12      -5.190617      17.636074
        13      -5.840650      18.251776
        14     -10.272058      22.449076
        15      -6.556334      18.924300
        16      -1.764910      14.376247
        17      -5.372814      17.845602
        18      -4.531880      17.087867
        19       2.402009      10.540999
        20       1.739042      11.209630
        21      -2.380996      15.167205
        22       3.188580       9.883658
        23       7.048989       6.258889
        24       3.343501       9.807283
        25       4.329829       8.893124
        26       9.555443       3.928030
        27       5.852757       7.445435
        28       1.608263      11.474140
        29       6.494975       6.808509
        30       7.099043       6.220833
        31       0.708500      12.273029
        32       1.070360      11.906514
        33       3.621113       9.467858
        34      -2.239307      15.025486
        35      -5.782129      18.387349
        36      -1.473860      14.290949
        37      -2.976762      15.699628
        38      -9.280740      21.702279
        39      -6.589746      19.156029
        40      -3.448322      16.172557
        41      -9.296615      21.760619
        42     -10.358205      22.788815
        43      -5.484203      18.186675
        44      -8.105569      20.723445
        45     -12.064521      24.561635
        46      -7.130647      19.936696
        47      -5.815686      18.749122
        48     -12.900051      25.555292
        49     -13.496732      26.193736
# Cycle: 14, status: ACC, move: ('sh', 0.31640744740733634, 13, 8)
#     Time      Potential        Kinetic
         0     -11.030870      24.419219
         1      -9.218366      22.762402
         2     -10.114076      23.542590
         3     -12.316232      25.649146
         4      -8.748999      22.229583
         5      -7.989228      21.509873
         6     -10.988482      24.380388
         7     -10.127774      23.585073
         8      -8.879125      22.449076
         9     -11.014475      24.525650
        10     -13.261368      26.782323
        11      -9.273808      22.975798
        12      -8.231561      21.953721
        13      -8.317016      21.894231
        14      -4.592967      18.223909
        15       1.163262      12.564698
        16       0.216448      13.435479
        17       0.834204      12.804470
        18       1.425134      12.352630
        19      -0.360932      14.096684
        20      -5.585210      19.197147
        21      -5.842708      19.532430
        22      -3.397398      17.167470
        23      -5.435434      19.084954
        24      -4.529581      18.170102
        25      -2.461655      16.224957
        26      -4.502654      18.197368
        27      -9.414211      22.984957
        28     -10.524920      24.206025
        29     -10.923496      24.658127
        30     -13.541143      27.132714
        31     -14.737534      28.343099
        32     -11.646760      25.359143
        33     -14.764103      28.361549
        34     -15.398584      28.911875
        35     -13.142050      26.805947
# Cycle: 15, status: ACC, move: ('tr', 0, 0, 0)
#     Time      Potential        Kinetic
         0     -13.142050      26.805947
         1     -15.398584      28.911875
         2     -14.764103      28.361549
         3     -11.646760      25.359143
         4     -14.737534      28.343099
         5     -13.541143      27.132714
         6     -10.923496      24.658127
         7     -10.524920      24.206025
         8      -9.414211      22.984957
         9      -4.502654      18.197368
        10      -2.461655      16.224957
        11      -4.529581      18.170102
        12      -5.435434      19.084954
        13      -3.397398      17.167470
        14      -5.842708      19.532430
        15      -5.585210      19.197147
        16      -0.360932      14.096684
        17       1.425134      12.352630
        18       0.834204      12.804470
        19       0.216448      13.435479
        20       1.163262      12.564698
        21      -4.592967      18.223909
        22      -8.317016      21.894231
        23      -8.231561      21.953721
        24      -9.273808      22.975798
        25     -13.261368      26.782323
        26     -11.014475      24.525650
        27      -8.879125      22.449076
        28     -10.127774      23.585073
        29     -10.988482      24.380388
        30      -7.989228      21.509873
        31      -8.748999      22.229583
        32     -12.316232      25.649146
        33     -10.114076      23.542590
        34      -9.218366      22.762402
        35     -11.030870      24.419219
# Cycle: 16, status: ACC, move: ('sh', 0.3192182675883317, 25, 6)
#     Time      Potential        Kinetic
         0     -17.681662      26.928486
         1     -10.028472      19.572684
         2      -8.769371      18.284874
         3     -10.915868      20.244009
         4      -8.166592      17.599501
         5      -7.432554      16.859382
         6     -13.261368      22.449076
         7     -11.641221      20.931650
         8      -6.879122      16.412798
         9      -9.090892      18.431051
        10     -11.442002      20.565471
        11      -5.526601      14.773409
        12      -4.756168      13.960083
        13      -7.711835      16.729456
        14      -4.493305      13.661938
        15      -2.841963      12.155612
        16      -7.758775      16.870197
        17      -9.162235      18.293393
        18      -5.389122      14.816697
        19      -8.311543      17.664983
        20     -13.668623      22.803986
        21     -10.974529      20.288226
        22      -7.983940      17.451450
        23     -10.007754      19.369039
        24      -6.509946      15.998876
        25      -0.627862      10.319281
        26      -3.268161      12.787788
        27      -5.768062      15.169502
        28      -2.335514      11.952546
        29      -6.220726      15.779741
# Cycle: 17, status: ACC, move: ('sh', 0.3218951906938009, 21, 13)
#     Time      Potential        Kinetic
         0       0.123124      11.337298
         1      -4.942398      16.329892
         2      -7.102572      18.578684
         3      -8.059538      19.615393
         4      -8.105369      19.589779
         5      -4.364882      15.869182
         6      -0.253147      11.869328
         7       0.855180      10.722149
         8      -1.161568      12.639520
         9      -1.788611      13.361539
        10      -4.887299      16.455067
        11     -12.088533      23.522020
        12     -13.634377      25.046432
        13     -10.974529      22.449076
        14      -7.047633      18.457999
        15      -5.298343      16.581774
        16      -0.920392      12.273506
        17       0.519627      10.846967
        18      -1.503712      12.788613
        19      -1.943563      13.255727
        20      -2.949027      14.355527
        21      -5.418726      16.801610
        22      -6.552368      17.921258
        23      -3.308702      14.796700
        24      -0.006986      11.552448
        25       2.842250       8.661937
        26       5.723689       5.865064
        27       6.346135       5.322885
        28       1.964966       9.652592
        29      -2.819427      14.422178
        30      -3.013019      14.714846
        31      -4.974604      16.655466
        32      -6.846640      18.422010
        33      -4.031678      15.638924
        34      -5.680843      17.296385
        35      -9.606892      21.084485
        36     -14.319625      25.758582
        37     -17.077818      28.541728
# Cycle: 18, status: NCR, move: ('s+', 0, 0, 0)
#     Time      Potential        Kinetic
         0     -13.496732      26.193736
         1     -12.900051      25.555292
         2      -5.815686      18.749122
         3      -7.130647      19.936696
         4     -12.064521      24.561635
         5      -8.105569      20.723445
         6      -5.484203      18.186675
         7     -10.358205      22.788815
         8      -9.296615      21.760619
         9      -3.448322      16.172557
        10      -6.589746      19.156029
        11      -9.280740      21.702279
        12      -2.976762      15.699628
        13      -1.473860      14.290949
        14      -5.782129      18.387349
        15      -2.239307      15.025486
        16       3.621113       9.467858
        17       1.070360      11.906514
        18       0.708500      12.273029
        19       7.099043       6.220833
        20       6.494975       6.808509
        21       1.608263      11.474140
        22       5.852757       7.445435
        23       9.555443       3.928030
        24       4.329829       8.893124
        25       3.343501       9.807283
        26       7.048989       6.258889
        27       3.188580       9.883658
        28      -2.380996      15.167205
        29       1.739042      11.209630
        30       2.402009      10.540999
        31      -4.531880      17.087867
        32      -5.372814      17.845602
        33      -1.764910      14.376247
        34      -6.556334      18.924300
        35     -10.272058      22.449076
        36      -5.840650      18.251776
        37      -5.190617      17.636074
        38     -10.699283      22.924780
        39      -7.313983      19.738266
        40      -2.346512      15.078745
        41      -6.470057      19.049861
        42      -8.263442      20.814737
        43      -2.096577      15.028327
        44      -2.031397      15.063103
        45      -6.645861      19.561811
        46      -3.171490      16.368690
        47      -0.529293      13.949443
        48      -7.143956      20.329261
        49      -9.363513      22.527385
# Cycle: 19, status: NCR, move: ('s+', 0, 0, 0)
#     Time      Potential        Kinetic
         0     -13.496732      26.193736
         1     -12.900051      25.555292
         2      -5.815686      18.749122
         3      -7.130647      19.936696
         4     -12.064521      24.561635
         5      -8.105569      20.723445
         6      -5.484203      18.186675
         7     -10.358205      22.788815
         8      -9.296615      21.760619
         9      -3.448322      16.172557
        10      -6.589746      19.156029
        11      -9.280740      21.702279
        12      -2.976762      15.699628
        13      -1.473860      14.290949
        14      -5.782129      18.387349
        15      -2.239307      15.025486
        16       3.621113       9.467858
        17       1.070360      11.906514
        18       0.708500      12.273029
        19       7.099043       6.220833
        20       6.494975       6.808509
        21       1.608263      11.474140
        22       5.852757       7.445435
        23       9.555443       3.928030
        24       4.329829       8.893124
        25       3.343501       9.807283
        26       7.048989       6.258889
        27       3.188580       9.883658
        28      -2.380996      15.167205
        29       1.739042      11.209630
        30       2.402009      10.540999
        31      -4.531880      17.087867
        32      -5.372814      17.845602
        33      -1.764910      14.376247
        34      -6.556334      18.924300
        35     -10.272058      22.449076
        36      -5.840650      18.251776
        37      -5.190617      17.636074
        38     -10.699283      22.924780
        39      -7.313983      19.738266
        40      -2.346512      15.078745
        41      -6.470057      19.049861
        42      -8.263442      20.814737
        43      -2.096577      15.028327
        44      -2.031397      15.063103
        45      -6.645861      19.561811
        46      -3.171490      16.368690
        47      -0.529293      13.949443
        48      -7.143956      20.329261
        49      -9.363513      22.527385
# Cycle: 20, status: NCR, move: ('s+', 0, 0, 0)
#     Time      Potential        Kinetic
         0     -13.496732      26.193736
         1     -12.900051      25.555292
         2      -5.815686      18.749122
         3      -7.130647      19.936696
         4     -12.064521      24.561635
         5      -8.105569      20.723445
         6      -5.484203      18.186675
         7     -10.358205      22.788815
         8      -9.296615      21.760619
         9      -3.448322      16.172557
        10      -6.589746      19.156029
        11      -9.280740      21.702279
        12      -2.976762      15.699628
        13      -1.473860      14.290949
        14      -5.782129      18.387349
        15      -2.239307      15.025486
        16       3.621113       9.467858
        17       1.070360      11.906514
        18       0.708500      12.273029
        19       7.099043       6.220833
        20       6.494975       6.808509
        21       1.608263      11.474140
        22       5.852757       7.445435
        23       9.555443       3.928030
        24       4.329829       8.893124
        25       3.343501       9.807283
        26       7.048989       6.258889
        27       3.188580       9.883658
        28      -2.380996      15.167205
        29       1.739042      11.209630
        30       2.402009      10.540999
        31      -4.531880      17.087867
        32      -5.372814      17.845602
        33      -1.764910      14.376247
        34      -6.556334      18.924300
        35     -10.272058      22.449076
        36      -5.840650      18.251776
        37      -5.190617      17.636074
        38     -10.699283      22.924780
        39      -7.313983      19.738266
        40      -2.346512      15.078745
        41      -6.470057      19.049861
        42      -8.263442      20.814737
        43      -2.096577      15.028327
        44      -2.031397      15.063103
        45      -6.645861      19.561811
        46      -3.171490      16.368690
        47      -0.529293      13.949443
        48      -7.143956      20.329261
        49      -9.363513      22.527385
# Cycle: 21, status: ACC, move: ('sh', 0.3207965293538972, 16, 12)
#     Time      Potential        Kinetic
         0      -2.665875      24.513861
         1      -4.622226      26.508826
         2      -7.340996      29.032761
         3      -4.230400      25.894583
         4       4.620027      17.285913
         5       5.292466      16.581355
         6      -2.609089      24.259553
         7      -1.649821      23.465269
         8       1.072661      20.937352
         9      -1.339962      23.111066
        10      -2.716400      24.286446
        11       1.704482      19.926509
        12      -0.920392      22.449076
        13      -2.644684      24.171994
        14      -0.282934      22.085122
        15      -3.867833      25.640480
        16     -12.027521      33.476743
        17     -10.647913      32.152129
        18      -5.430833      27.077163
        19      -4.176746      25.708115
        20      -0.276985      21.956390
        21       6.655140      15.296709
        22       2.776742      19.011463
        23      -1.747696      23.365315
        24       1.684514      20.181096
        25       1.021534      20.958262
        26      -4.338625      26.236337
        27      -1.512187      23.602869
        28       1.495706      20.713452
        29      -1.994745      23.928411
        30       0.047570      21.862397
        31       7.698065      14.492622
        32       2.194837      19.908077
        33      -4.182577      26.065185
        34      -6.592530      28.603588
        35      -5.332462      27.466519
        36     -12.589143      34.514530
        37     -10.407244      32.262546
        38      -7.820103      29.800113
        39      -9.944011      31.788705
# Cycle: 22, status: ACC, move: ('s-', 0, 0, 0)
#     Time      Potential        Kinetic
         0      -6.780971      18.200059
         1      -7.827959      19.190628
         2     -10.776352      22.084062
         3     -11.882641      23.204251
         4     -13.678556      25.024467
         5     -12.526859      23.870206
         6     -11.930628      23.301529
         7      -9.350145      20.784207
         8      -8.113177      19.584898
         9      -7.694905      19.201258
        10      -6.931774      18.503047
        11      -5.611267      17.240877
        12      -5.866531      17.476060
        13      -4.397394      16.005385
        14      -3.081089      14.709816
        15      -2.436898      14.043789
        16      -3.425035      14.994840
        17      -4.013332      15.568514
        18      -6.603108      18.125950
        19      -8.626240      20.069125
        20     -10.018603      21.430934
        21      -8.880886      20.296321
        22      -8.365908      19.721197
        23      -7.518223      18.834857
        24      -6.506350      17.842413
        25      -6.527800      17.871830
        26      -7.980330      19.338391
        27      -9.876658      21.263989
        28     -10.451621      21.902905
        29     -12.268552      23.720233
        30     -10.150527      21.630778
        31      -7.680458      19.270275
        32      -5.065587      16.702027
        33      -4.656740      16.308814
        34      -4.446704      16.144301
        35      -6.108801      17.837923
        36      -7.907790      19.616745
        37     -11.329235      23.014505
        38     -10.108744      21.799054
        39     -11.067420      22.703282
        40      -9.977193      21.550285
        41      -9.483788      21.035666
# Cycle: 23, status: ACC, move: ('sh', 0.32956522906211894, 30, 8)
#     Time      Potential        Kinetic
         0     -10.870368      23.321199
         1     -14.319049      26.651018
         2      -8.136189      20.566644
         3      -5.734855      18.191073
         4      -7.223747      19.530971
         5      -6.950504      19.301653
         6      -4.980574      17.484273
         7      -8.209897      20.619023
         8     -10.150527      22.449076
         9      -9.321253      21.667631
        10      -7.142472      19.424792
        11      -8.830967      20.981151
        12      -4.493832      16.743290
        13      -1.995834      14.306268
        14      -5.116199      17.249957
        15      -7.339988      19.382853
        16      -6.214563      18.320925
        17     -10.073264      22.088391
        18     -12.259997      24.198636
        19     -10.624106      22.710855
        20      -9.034340      21.181052
        21     -11.686870      23.681604
        22      -9.801618      21.813511
        23      -6.592329      18.761609
        24      -6.355951      18.489873
        25      -7.733811      19.837499
        26      -5.537160      17.808160
        27      -4.937152      17.286728
        28      -8.675579      20.945944
        29      -7.631989      20.006131
        30      -5.657309      18.165763
        31      -7.487280      19.888079
        32      -8.871265      21.226747
        33      -5.679379      18.192020
        34      -7.078997      19.621251
        35     -11.646105      24.057649
        36     -12.818672      25.286570
        37     -11.265640      23.770874
        38     -11.918297      24.263077
# Cycle: 24, status: NCR, move: ('s+', 0.3883064094082419, 21, 20)
#     Time      Potential        Kinetic
         0      -1.746219      23.112830
         1      -5.502224      26.796493
         2     -14.231156      35.227634
         3      -9.905500      31.169939
         4      -6.813710      28.321007
         5      -9.569278      30.780904
         6     -10.285703      31.369916
         7      -2.945122      24.237337
         8      -5.630489      26.792245
         9      -6.601748      27.667298
        10      -0.413700      21.838738
        11       0.642849      20.799014
        12      -6.904257      27.979153
        13      -4.440169      25.586126
        14      -0.562235      21.928830
        15      -4.660245      25.870894
        16      -4.465833      25.741325
        17       0.492064      21.076286
        18      -3.093240      24.460061
        19      -8.390591      29.491618
        20      -1.073006      22.449076
        21       1.611211      19.917764
        22      -0.751276      22.096469
        23       1.638274      19.849582
        24       6.138566      15.531055
        25       0.121271      21.276114
        26      -0.758786      22.077772
        27       4.830392      16.824259
        28       6.043647      15.599203
        29       0.526476      20.876028
        30       5.053070      16.489796
        31       7.128998      14.465969
        32       1.857026      19.438653
        33       2.693367      18.617761
        34       9.269054      12.307004
        35       5.383579      16.005360
        36       0.936847      20.213262
        37       4.009884      17.295718
        38       3.332284      17.960856
        39      -3.375233      24.416549
        40      -2.498062      23.663123
        41       3.003363      18.382429
        42      -4.071692      25.218073
        43      -3.535732      24.573654
        44       1.644518      19.632085
        45       2.628192      18.644753
        46      -0.722825      21.874752
        47       4.897728      16.513969
        48       6.439508      15.109837
        49       0.728938      20.556744
        50      -0.911040      22.194583
        51       4.201310      17.327676
        52       0.002867      21.445903
        53      -0.548196      21.928050
        54       3.552963      18.036800
        55       4.476510      17.069053
        56      -0.194785      21.457184
        57       3.363317      17.986078
        58       6.165854      15.344653
        59       3.455962      17.896178
        60       1.416783      19.898063
        61       4.241401      17.216292
        62       0.149011      21.163601
        63      -3.808789      24.955781
        64      -0.352285      21.688950
        65       2.146563      19.283173
        66      -0.976351      22.233931
        67       1.192280      20.137524
        68       5.289497      16.174105
        69       1.476559      19.828480
        70       0.553949      20.724356
        71       2.188471      19.311027
        72       1.426441      20.057171
        73      -7.282047      28.603066
        74      -6.206553      27.661010
        75      -4.508820      26.062719
        76      -8.385751      29.725925
        77      -6.750636      28.087914
        78      -0.023882      21.527975
        79      -2.681413      24.059417
        80      -4.806157      26.017635
        81      -3.272622      24.593170
        82      -3.108930      24.441394
# Cycle: 25, status: NCR, move: ('s+', 0.3883064094082419, 21, 20)
#     Time      Potential        Kinetic
         0      -1.746219      23.112830
         1      -5.502224      26.796493
         2     -14.231156      35.227634
         3      -9.905500      31.169939
         4      -6.813710      28.321007
         5      -9.569278      30.780904
         6     -10.285703      31.369916
         7      -2.945122      24.237337
         8      -5.630489      26.792245
         9      -6.601748      27.667298
        10      -0.413700      21.838738
        11       0.642849      20.799014
        12      -6.904257      27.979153
        13      -4.440169      25.586126
        14      -0.562235      21.928830
        15      -4.660245      25.870894
        16      -4.465833      25.741325
        17       0.492064      21.076286
        18      -3.093240      24.460061
        19      -8.390591      29.491618
        20      -1.073006      22.449076
        21       1.611211      19.917764
        22      -0.751276      22.096469
        23       1.638274      19.849582
        24       6.138566      15.531055
        25       0.121271      21.276114
        26      -0.758786      22.077772
        27       4.830392      16.824259
        28       6.043647      15.599203
        29       0.526476      20.876028
        30       5.053070      16.489796
        31       7.128998      14.465969
        32       1.857026      19.438653
        33       2.693367      18.617761
        34       9.269054      12.307004
        35       5.383579      16.005360
        36       0.936847      20.213262
        37       4.009884      17.295718
        38       3.332284      17.960856
        39      -3.375233      24.416549
        40      -2.498062      23.663123
        41       3.003363      18.382429
        42      -4.071692      25.218073
        43      -3.535732      24.573654
        44       1.644518      19.632085
        45       2.628192      18.644753
        46      -0.722825      21.874752
        47       4.897728      16.513969
        48       6.439508      15.109837
        49       0.728938      20.556744
        50      -0.911040      22.194583
        51       4.201310      17.327676
        52       0.002867      21.445903
        53      -0.548196      21.928050
        54       3.552963      18.036800
        55       4.476510      17.069053
        56      -0.194785      21.457184
        57       3.363317      17.986078
        58       6.165854      15.344653
        59       3.455962      17.896178
        60       1.416783      19.898063
        61       4.241401      17.216292
        62       0.149011      21.163601
        63      -3.808789      24.955781
        64      -0.352285      21.688950
        65       2.146563      19.283173
        66      -0.976351      22.233931
        67       1.192280      20.137524
        68       5.289497      16.174105
        69       1.476559      19.828480
        70       0.553949      20.724356
        71       2.188471      19.311027
        72       1.426441      20.057171
        73      -7.282047      28.603066
        74      -6.206553      27.661010
        75      -4.508820      26.062719
        76      -8.385751      29.725925
        77      -6.750636      28.087914
        78      -0.023882      21.527975
        79      -2.681413      24.059417
        80      -4.806157      26.017635
        81      -3.272622      24.593170
        82      -3.108930      24.441394
# Cycle: 26, status: ACC, move: ('tr', 0, 0, 0)
#     Time      Potential        Kinetic
         0     -11.918297      24.263077
         1     -11.265640      23.770874
         2     -12.818672      25.286570
         3     -11.646105      24.057649
         4      -7.078997      19.621251
         5      -5.679379      18.192020
         6      -8.871265      21.226747
         7      -7.487280      19.888079
         8      -5.657309      18.165763
         9      -7.631989      20.006131
        10      -8.675579      20.945944
        11      -4.937152      17.286728
        12      -5.537160      17.808160
        13      -7.733811      19.837499
        14      -6.355951      18.489873
        15      -6.592329      18.761609
        16      -9.801618      21.813511
        17     -11.686870      23.681604
        18      -9.034340      21.181052
        19     -10.624106      22.710855
        20     -12.259997      24.198636
        21     -10.073264      22.088391
        22      -6.214563      18.320925
        23      -7.339988      19.382853
        24      -5.116199      17.249957
        25      -1.995834      14.306268
        26      -4.493832      16.743290
        27      -8.830967      20.981151
        28      -7.142472      19.424792
        29      -9.321253      21.667631
        30     -10.150527      22.449076
        31      -8.209897      20.619023
        32      -4.980574      17.484273
        33      -6.950504      19.301653
        34      -7.223747      19.530971
        35      -5.734855      18.191073
        36      -8.136189      20.566644
        37     -14.319049      26.651018
        38     -10.870368      23.321199
# Cycle: 27, status: ACC, move: ('tr', 0, 0, 0)
#     Time      Potential        Kinetic
         0     -10.870368      23.321199
         1     -14.319049      26.651018
         2      -8.136189      20.566644
         3      -5.734855      18.191073
         4      -7.223747      19.530971
         5      -6.950504      19.301653
         6      -4.980574      17.484273
         7      -8.209897      20.619023
         8     -10.150527      22.449076
         9      -9.321253      21.667631
        10      -7.142472      19.424792
        11      -8.830967      20.981151
        12      -4.493832      16.743290
        13      -1.995834      14.306268
        14      -5.116199      17.249957
        15      -7.339988      19.382853
        16      -6.214563      18.320925
        17     -10.073264      22.088391
        18     -12.259997      24.198636
        19     -10.624106      22.710855
        20      -9.034340      21.181052
        21     -11.686870      23.681604
        22      -9.801618      21.813511
        23      -6.592329      18.761609
        24      -6.355951      18.489873
        25      -7.733811      19.837499
        26      -5.537160      17.808160
        27      -4.937152      17.286728
        28      -8.675579      20.945944
        29      -7.631989      20.006131
        30      -5.657309      18.165763
        31      -7.487280      19.888079
        32      -8.871265      21.226747
        33      -5.679379      18.192020
        34      -7.078997      19.621251
        35     -11.646105      24.057649
        36     -12.818672      25.286570
        37     -11.265640      23.770874
        38     -11.918297      24.263077
# Cycle: 28, status: ACC, move: ('tr', 0, 0, 0)
#     Time      Potential        Kinetic
         0     -11.918297      24.263077
         1     -11.265640      23.770874
         2     -12.818672      25.286570
         3     -11.646105      24.057649
         4      -7.078997      19.621251
         5      -5.679379      18.192020
         6      -8.871265      21.226747
         7      -7.487280      19.888079
         8      -5.657309      18.165763
         9      -7.631989      20.006131
        10      -8.675579      20.945944
        11      -4.937152      17.286728
        12      -5.537160      17.808160
        13      -7.733811      19.837499
        14      -6.355951      18.489873
        15      -6.592329      18.761609
        16      -9.801618      21.813511
        17     -11.686870      23.681604
        18      -9.034340      21.181052
        19     -10.624106      22.710855
        20     -12.259997      24.198636
        21     -10.073264      22.088391
        22      -6.214563      18.320925
        23      -7.339988      19.382853
        24      -5.116199      17.249957
        25      -1.995834      14.306268
        26      -4.493832      16.743290
        27      -8.830967      20.981151
        28      -7.142472      19.424792
        29      -9.321253      21.667631
        30     -10.150527      22.449076
        31      -8.209897      20.619023
        32      -4.980574      17.484273
        33      -6.950504      19.301653
        34      -7.223747      19.530971
        35      -5.734855      18.191073
        36      -8.136189      20.566644
        37     -14.319049      26.651018
        38     -10.870368      23.321199
# Cycle: 29, status: ACC, move: ('sh', 0.30824857082673257, 2, 3)
#     Time      Potential        Kinetic
         0     -13.697751      23.420546
         1     -12.214820      21.967522
         2     -10.358472      20.158037
         3     -12.818672      22.449076
         4     -14.288317      23.810184
         5     -12.491157      22.059390
         6     -14.024236      23.495630
         7     -16.669516      25.989918
         8     -15.065487      24.444664
         9     -13.907936      23.303460
        10     -17.055353      26.257948
        11     -17.223171      26.359367
        12     -14.626918      23.865056
        13     -15.445795      24.634261
        14     -16.965453      26.086473
        15     -14.341898      23.610832
        16     -13.643353      22.987019
        17     -15.823256      25.089197
        18     -15.140346      24.493688
        19     -12.519599      22.046061
        20     -14.256717      23.741223
        21     -15.261111      24.724665
        22     -12.519141      22.156135
        23     -11.552193      21.247551
        24     -14.196336      23.811500
        25     -12.952055      22.662486
        26     -11.075963      20.922999
# Cycle: 30, status: ACC, move: ('s-', 0, 0, 0)
#     Time      Potential        Kinetic
         0      -9.612567      30.284975
         1     -12.394860      32.901547
         2     -11.478022      32.022333
         3      -7.195332      27.744469
         4      -9.250115      29.715071
         5      -4.645172      25.215118
         6      -3.710467      24.363448
         7      -5.854215      26.450058
         8      -7.043854      27.606536
         9      -7.153832      27.828562
# Cycle: 31, status: BTL, move: ('sh', 0.3049325969680515, 5, 0)
#     Time      Potential        Kinetic
         0      -4.645172      22.449076
         1      -5.885209      23.513089
         2      -2.914421      20.630389
         3       2.329225      15.613833
         4      -1.796234      19.559467
         5      -5.298147      22.957280
         6      -2.822411      20.696229
         7      -3.992435      21.866568
         8     -11.914135      29.570966
         9      -9.750808      27.532148
        10      -5.488263      23.461831
        11      -9.296744      27.110840
        12      -7.799512      25.580779
        13      -0.584849      18.565793
        14      -0.761584      18.694242
        15      -0.731736      18.497943
        16       2.986677      14.902324
# Cycle: 32, status: NCR, move: ('s+', 0.36511934192118733, 70, 24)
#     Time      Potential        Kinetic
         0      -7.942964      23.515820
         1      -9.531797      25.073490
         2     -10.164948      25.701094
         3     -10.310520      25.829779
         4     -10.510111      25.959151
         5     -10.660277      26.069173
         6      -7.952068      23.380768
         7      -7.113708      22.534333
         8      -6.134171      21.516001
         9      -6.218646      21.616183
        10      -5.798538      21.200991
        11      -7.919833      23.298682
        12      -9.136239      24.528471
        13     -10.197773      25.649017
        14     -11.160715      26.614287
        15     -12.259065      27.714728
        16     -10.882552      26.381910
        17      -9.003592      24.529277
        18      -8.490597      24.026274
        19      -6.234898      21.795579
        20      -5.193600      20.777444
        21      -5.616484      21.181730
        22      -4.962164      20.534811
        23      -5.246022      20.819807
        24      -6.904257      22.449076
        25      -6.890967      22.420917
        26      -8.387760      23.920986
        27      -9.019649      24.519640
        28      -9.941714      25.403477
        29     -10.099917      25.570802
        30     -11.078350      26.534902
        31     -11.031019      26.450843
        32     -11.771842      27.205092
        33     -11.009504      26.463150
        34     -10.716818      26.144875
        35     -10.919132      26.349158
        36      -9.650670      25.130225
        37      -9.070171      24.564568
        38     -10.704636      26.188712
        39      -9.223766      24.753737
        40      -9.803284      25.371340
        41     -10.136947      25.695289
        42      -9.688913      25.262790
        43      -9.131870      24.751853
        44      -9.326453      24.926428
        45      -9.547801      25.114996
        46      -9.894176      25.471886
        47     -10.285000      25.858003
        48     -11.870559      27.370233
# Cycle: 33, status: ACC, move: ('sh', 0.3049325969680515, 5, 11)
#     Time      Potential        Kinetic
         0      -8.022952      26.177344
         1      -3.759697      22.148090
         2      -8.220543      26.569569
         3     -16.436997      34.401230
         4     -13.748256      31.800825
         5      -7.425957      25.719389
         6     -11.772886      29.768448
         7     -12.353968      30.154894
         8      -6.045618      24.172654
         9      -4.623815      22.725527
        10      -9.528915      27.254165
        11      -4.645172      22.449076
        12       0.229769      17.759831
        13      -3.230195      21.042988
        14      -3.793016      21.669108
# Cycle: 34, status: ACC, move: ('s-', 0, 0, 0)
#     Time      Potential        Kinetic
         0     -13.617516      21.262229
         1     -14.007253      21.628202
         2      -9.744934      17.481874
         3     -10.878319      18.571354
         4     -11.369653      19.007001
         5      -9.427521      17.184042
         6      -9.817148      17.566084
         7     -13.382747      20.987288
         8     -13.404639      21.047085
         9     -11.012510      18.788509
        10     -13.686588      21.398613
        11     -13.957209      21.630805
        12     -12.204018      19.983314
        13     -12.079595      19.812105
        14     -14.404736      22.013851
        15      -9.932469      17.640892
        16      -7.794689      15.606822
        17      -7.278867      14.964979
        18      -7.466590      15.101751
        19      -3.703581      11.425358
        20      -4.985791      12.620685
        21      -6.590972      14.111284
        22      -4.715104      12.337961
        23      -4.170042      11.815391
        24      -7.604162      15.085592
        25      -7.282137      14.750015
        26      -5.413452      12.965259
        27      -6.851438      14.314287
        28      -7.974436      15.391885
        29      -5.160066      12.732126
        30      -6.159853      13.742967
        31      -9.682631      17.145620
# Cycle: 35, status: ACC, move: ('s-', 0, 0, 0)
#     Time      Potential        Kinetic
         0      -8.022952      26.177344
         1      -3.759697      22.148090
         2      -8.220543      26.569569
         3     -16.436997      34.401230
         4     -13.748256      31.800825
         5      -7.425957      25.719389
         6     -11.772886      29.768448
         7     -12.353968      30.154894
         8      -6.045618      24.172654
         9      -4.623815      22.725527
        10      -9.528915      27.254165
        11      -4.645172      22.449076
        12       0.229769      17.759831
        13      -3.230195      21.042988
        14      -3.793016      21.669108
# Cycle: 36, status: ACC, move: ('sh', 0.3014575343181284, 6, 2)
#     Time      Potential        Kinetic
         0     -10.373794      20.840794
         1      -9.866492      20.449061
         2     -11.772886      22.449076
         3     -16.813693      27.332533
         4     -19.451730      29.956999
         5     -12.675836      23.374303
         6     -10.537492      21.190517
         7     -11.693565      22.210299
         8      -6.623737      17.273467
         9      -4.038807      14.747075
        10      -6.347127      16.895193
        11      -4.382205      14.955459
        12      -0.892016      11.599427
        13      -4.629349      15.196998
        14      -8.589393      19.044262
        15      -6.705889      17.341350
        16     -11.217433      21.843207
        17     -17.366685      27.773769
        18     -18.075565      28.506354
        19     -19.659146      30.206395
# Cycle: 37, status: NCR, move: ('s+', 0.36338037204268475, 30, 21)
#     Time      Potential        Kinetic
         0     -16.810266      30.130675
         1     -10.855646      24.397662
         2      -6.923389      20.501006
         3      -7.004704      20.496248
         4      -2.868575      16.478979
         5       0.435299      13.275629
         6      -2.028536      15.611772
         7      -2.385501      15.934483
         8      -0.937160      14.560406
         9      -3.894287      17.376940
        10      -7.199887      20.528950
        11      -5.273070      18.711743
        12      -4.620696      18.071883
        13      -8.975257      22.197176
        14      -9.465740      22.598628
        15      -8.607831      21.771639
        16     -10.591801      23.617362
        17     -11.983918      24.963507
        18      -8.050473      21.205151
        19      -8.236885      21.376565
        20     -10.981237      23.942288
        21      -9.434837      22.449076
        22      -6.602181      19.740718
        23      -8.099290      21.194225
        24      -7.036089      20.222581
        25      -3.403181      16.811266
        26      -4.599980      17.978792
        27      -7.366780      20.642627
        28      -4.487301      17.922905
        29      -2.694673      16.260016
        30      -4.628835      18.138150
        31      -3.648404      17.235944
        32      -0.704591      14.427722
        33      -3.043351      16.644700
        34      -4.364027      17.878638
        35      -0.511093      14.171257
        36      -0.555028      14.216908
        37      -3.592247      17.083084
        38      -4.053979      17.562384
        39      -2.073371      15.660543
        40      -6.924390      20.353431
        41      -8.425544      21.774350
        42      -6.021485      19.462535
        43      -7.403121      20.758871
        44      -9.783660      22.979054
        45      -7.830227      21.098810
        46      -6.886624      20.223666
        47     -11.843995      25.011125
        48     -14.404387      27.528379
        49     -13.416114      26.664903
        50     -15.514012      28.687124
        51     -17.077124      30.137765
# Cycle: 38, status: ACC, move: ('s-', 0, 0, 0)
#     Time      Potential        Kinetic
         0      -3.302980      13.087181
         1      -5.858358      15.497182
         2     -10.022104      19.429601
         3      -5.531260      15.077195
         4      -6.065752      15.533158
         5     -12.569349      21.706194
         6      -9.792051      19.069308
         7      -4.646863      14.191999
         8      -9.048409      18.367992
         9     -11.467188      20.648230
        10      -6.806753      16.167583
        11     -10.094770      19.308488
        12     -14.478351      23.472859
        13      -9.746867      19.031243
        14      -6.944939      16.396828
        15     -13.526824      22.658003
        16     -13.362514      22.434047
        17      -9.120889      18.378937
# Cycle: 39, status: NCR, move: ('s+', 0.36338037204268475, 30, 21)
#     Time      Potential        Kinetic
         0     -16.810266      30.130675
         1     -10.855646      24.397662
         2      -6.923389      20.501006
         3      -7.004704      20.496248
         4      -2.868575      16.478979
         5       0.435299      13.275629
         6      -2.028536      15.611772
         7      -2.385501      15.934483
         8      -0.937160      14.560406
         9      -3.894287      17.376940
        10      -7.199887      20.528950
        11      -5.273070      18.711743
        12      -4.620696      18.071883
        13      -8.975257      22.197176
        14      -9.465740      22.598628
        15      -8.607831      21.771639
        16     -10.591801      23.617362
        17     -11.983918      24.963507
        18      -8.050473      21.205151
        19      -8.236885      21.376565
        20     -10.981237      23.942288
        21      -9.434837      22.449076
        22      -6.602181      19.740718
        23      -8.099290      21.194225
        24      -7.036089      20.222581
        25      -3.403181      16.811266
        26      -4.599980      17.978792
        27      -7.366780      20.642627
        28      -4.487301      17.922905
        29      -2.694673      16.260016
        30      -4.628835      18.138150
        31      -3.648404      17.235944
        32      -0.704591      14.427722
        33      -3.043351      16.644700
        34      -4.364027      17.878638
        35      -0.511093      14.171257
        36      -0.555028      14.216908
        37      -3.592247      17.083084
        38      -4.053979      17.562384
        39      -2.073371      15.660543
        40      -6.924390      20.353431
        41      -8.425544      21.774350
        42      -6.021485      19.462535
        43      -7.403121      20.758871
        44      -9.783660      22.979054
        45      -7.830227      21.098810
        46      -6.886624      20.223666
        47     -11.843995      25.011125
        48     -14.404387      27.528379
        49     -13.416114      26.664903
        50     -15.514012      28.687124
        51     -17.077124      30.137765
# Cycle: 40, status: ACC, move: ('s-', 0, 0, 0)
#     Time      Potential        Kinetic
         0     -10.373794      20.840794
         1      -9.866492      20.449061
         2     -11.772886      22.449076
         3     -16.813693      27.332533
         4     -19.451730      29.956999
         5     -12.675836      23.374303
         6     -10.537492      21.190517
         7     -11.693565      22.210299
         8      -6.623737      17.273467
         9      -4.038807      14.747075
        10      -6.347127      16.895193
        11      -4.382205      14.955459
        12      -0.892016      11.599427
        13      -4.629349      15.196998
        14      -8.589393      19.044262
        15      -6.705889      17.341350
        16     -11.217433      21.843207
        17     -17.366685      27.773769
        18     -18.075565      28.506354
        19     -19.659146      30.206395
# Cycle: 41, status: ACC, move: ('s-', 0, 0, 0)
#     Time      Potential        Kinetic
         0      -3.302980      13.087181
         1      -5.858358      15.497182
         2     -10.022104      19.429601
         3      -5.531260      15.077195
         4      -6.065752      15.533158
         5     -12.569349      21.706194
         6      -9.792051      19.069308
         7      -4.646863      14.191999
         8      -9.048409      18.367992
         9     -11.467188      20.648230
        10      -6.806753      16.167583
        11     -10.094770      19.308488
        12     -14.478351      23.472859
        13      -9.746867      19.031243
        14      -6.944939      16.396828
        15     -13.526824      22.658003
        16     -13.362514      22.434047
        17      -9.120889      18.378937
# Cycle: 42, status: NCR, move: ('s+', 0.36338037204268475, 30, 21)
#     Time      Potential        Kinetic
         0     -16.810266      30.130675
         1     -10.855646      24.397662
         2      -6.923389      20.501006
         3      -7.004704      20.496248
         4      -2.868575      16.478979
         5       0.435299      13.275629
         6      -2.028536      15.611772
         7      -2.385501      15.934483
         8      -0.937160      14.560406
         9      -3.894287      17.376940
        10      -7.199887      20.528950
        11      -5.273070      18.711743
        12      -4.620696      18.071883
        13      -8.975257      22.197176
        14      -9.465740      22.598628
        15      -8.607831      21.771639
        16     -10.591801      23.617362
        17     -11.983918      24.963507
        18      -8.050473      21.205151
        19      -8.236885      21.376565
        20     -10.981237      23.942288
        21      -9.434837      22.449076
        22      -6.602181      19.740718
        23      -8.099290      21.194225
        24      -7.036089      20.222581
        25      -3.403181      16.811266
        26      -4.599980      17.978792
        27      -7.366780      20.642627
        28      -4.487301      17.922905
        29      -2.694673      16.260016
        30      -4.628835      18.138150
        31      -3.648404      17.235944
        32      -0.704591      14.427722
        33      -3.043351      16.644700
        34      -4.364027      17.878638
        35      -0.511093      14.171257
        36      -0.555028      14.216908
        37      -3.592247      17.083084
        38      -4.053979      17.562384
        39      -2.073371      15.660543
        40      -6.924390      20.353431
        41      -8.425544      21.774350
        42      -6.021485      19.462535
        43      -7.403121      20.758871
        44      -9.783660      22.979054
        45      -7.830227      21.098810
        46      -6.886624      20.223666
        47     -11.843995      25.011125
        48     -14.404387      27.528379
        49     -13.416114      26.664903
        50     -15.514012      28.687124
        51     -17.077124      30.137765
# Cycle: 43, status: ACC, move: ('s-', 0, 0, 0)
#     Time      Potential        Kinetic
         0     -10.373794      20.840794
         1      -9.866492      20.449061
         2     -11.772886      22.449076
         3     -16.813693      27.332533
         4     -19.451730      29.956999
         5     -12.675836      23.374303
         6     -10.537492      21.190517
         7     -11.693565      22.210299
         8      -6.623737      17.273467
         9      -4.038807      14.747075
        10      -6.347127      16.895193
        11      -4.382205      14.955459
        12      -0.892016      11.599427
        13      -4.629349      15.196998
        14      -8.589393      19.044262
        15      -6.705889      17.341350
        16     -11.217433      21.843207
        17     -17.366685      27.773769
        18     -18.075565      28.506354
        19     -19.659146      30.206395
# Cycle: 44, status: NCR, move: ('s+', 0.36338037204268475, 30, 21)
#     Time      Potential        Kinetic
         0     -16.810266      30.130675
         1     -10.855646      24.397662
         2      -6.923389      20.501006
         3      -7.004704      20.496248
         4      -2.868575      16.478979
         5       0.435299      13.275629
         6      -2.028536      15.611772
         7      -2.385501      15.934483
         8      -0.937160      14.560406
         9      -3.894287      17.376940
        10      -7.199887      20.528950
        11      -5.273070      18.711743
        12      -4.620696      18.071883
        13      -8.975257      22.197176
        14      -9.465740      22.598628
        15      -8.607831      21.771639
        16     -10.591801      23.617362
        17     -11.983918      24.963507
        18      -8.050473      21.205151
        19      -8.236885      21.376565
        20     -10.981237      23.942288
        21      -9.434837      22.449076
        22      -6.602181      19.740718
        23      -8.099290      21.194225
        24      -7.036089      20.222581
        25      -3.403181      16.811266
        26      -4.599980      17.978792
        27      -7.366780      20.642627
        28      -4.487301      17.922905
        29      -2.694673      16.260016
        30      -4.628835      18.138150
        31      -3.648404      17.235944
        32      -0.704591      14.427722
        33      -3.043351      16.644700
        34      -4.364027      17.878638
        35      -0.511093      14.171257
        36      -0.555028      14.216908
        37      -3.592247      17.083084
        38      -4.053979      17.562384
        39      -2.073371      15.660543
        40      -6.924390      20.353431
        41      -8.425544      21.774350
        42      -6.021485      19.462535
        43      -7.403121      20.758871
        44      -9.783660      22.979054
        45      -7.830227      21.098810
        46      -6.886624      20.223666
        47     -11.843995      25.011125
        48     -14.404387      27.528379
        49     -13.416114      26.664903
        50     -15.514012      28.687124
        51     -17.077124      30.137765
# Cycle: 45, status: NCR, move: ('s+', 0.36338037204268475, 30, 21)
#     Time      Potential        Kinetic
         0     -16.810266      30.130675
         1     -10.855646      24.397662
         2      -6.923389      20.501006
         3      -7.004704      20.496248
         4      -2.868575      16.478979
         5       0.435299      13.275629
         6      -2.028536      15.611772
         7      -2.385501      15.934483
         8      -0.937160      14.560406
         9      -3.894287      17.376940
        10      -7.199887      20.528950
        11      -5.273070      18.711743
        12      -4.620696      18.071883
        13      -8.975257      22.197176
        14      -9.465740      22.598628
        15      -8.607831      21.771639
        16     -10.591801      23.617362
        17     -11.983918      24.963507
        18      -8.050473      21.205151
        19      -8.236885      21.376565
        20     -10.981237      23.942288
        21      -9.434837      22.449076
        22      -6.602181      19.740718
        23      -8.099290      21.194225
        24      -7.036089      20.222581
        25      -3.403181      16.811266
        26      -4.599980      17.978792
        27      -7.366780      20.642627
        28      -4.487301      17.922905
        29      -2.694673      16.260016
        30      -4.628835      18.138150
        31      -3.648404      17.235944
        32      -0.704591      14.427722
        33      -3.043351      16.644700
        34      -4.364027      17.878638
        35      -0.511093      14.171257
        36      -0.555028      14.216908
        37      -3.592247      17.083084
        38      -4.053979      17.562384
        39      -2.073371      15.660543
        40      -6.924390      20.353431
        41      -8.425544      21.774350
        42      -6.021485      19.462535
        43      -7.403121      20.758871
        44      -9.783660      22.979054
        45      -7.830227      21.098810
        46      -6.886624      20.223666
        47     -11.843995      25.011125
        48     -14.404387      27.528379
        49     -13.416114      26.664903
        50     -15.514012      28.687124
        51     -17.077124      30.137765
# Cycle: 46, status: NCR, move: ('s+', 0.36338037204268475, 30, 21)
#     Time      Potential        Kinetic
         0     -16.810266      30.130675
         1     -10.855646      24.397662
         2      -6.923389      20.501006
         3      -7.004704      20.496248
         4      -2.868575      16.478979
         5       0.435299      13.275629
         6      -2.028536      15.611772
         7      -2.385501      15.934483
         8      -0.937160      14.560406
         9      -3.894287      17.376940
        10      -7.199887      20.528950
        11      -5.273070      18.711743
        12      -4.620696      18.071883
        13      -8.975257      22.197176
        14      -9.465740      22.598628
        15      -8.607831      21.771639
        16     -10.591801      23.617362
        17     -11.983918      24.963507
        18      -8.050473      21.205151
        19      -8.236885      21.376565
        20     -10.981237      23.942288
        21      -9.434837      22.449076
        22      -6.602181      19.740718
        23      -8.099290      21.194225
        24      -7.036089      20.222581
        25      -3.403181      16.811266
        26      -4.599980      17.978792
        27      -7.366780      20.642627
        28      -4.487301      17.922905
        29      -2.694673      16.260016
        30      -4.628835      18.138150
        31      -3.648404      17.235944
        32      -0.704591      14.427722
        33      -3.043351      16.644700
        34      -4.364027      17.878638
        35      -0.511093      14.171257
        36      -0.555028      14.216908
        37      -3.592247      17.083084
        38      -4.053979      17.562384
        39      -2.073371      15.660543
        40      -6.924390      20.353431
        41      -8.425544      21.774350
        42      -6.021485      19.462535
        43      -7.403121      20.758871
        44      -9.783660      22.979054
        45      -7.830227      21.098810
        46      -6.886624      20.223666
        47     -11.843995      25.011125
        48     -14.404387      27.528379
        49     -13.416114      26.664903
        50     -15.514012      28.687124
        51     -17.077124      30.137765
# Cycle: 47, status: NCR, move: ('s+', 0.36338037204268475, 30, 21)
#     Time      Potential        Kinetic
         0     -16.810266      30.130675
         1     -10.855646      24.397662
         2      -6.923389      20.501006
         3      -7.004704      20.496248
         4      -2.868575      16.478979
         5       0.435299      13.275629
         6      -2.028536      15.611772
         7      -2.385501      15.934483
         8      -0.937160      14.560406
         9      -3.894287      17.376940
        10      -7.199887      20.528950
        11      -5.273070      18.711743
        12      -4.620696      18.071883
        13      -8.975257      22.197176
        14      -9.465740      22.598628
        15      -8.607831      21.771639
        16     -10.591801      23.617362
        17     -11.983918      24.963507
        18      -8.050473      21.205151
        19      -8.236885      21.376565
        20     -10.981237      23.942288
        21      -9.434837      22.449076
        22      -6.602181      19.740718
        23      -8.099290      21.194225
        24      -7.036089      20.222581
        25      -3.403181      16.811266
        26      -4.599980      17.978792
        27      -7.366780      20.642627
        28      -4.487301      17.922905
        29      -2.694673      16.260016
        30      -4.628835      18.138150
        31      -3.648404      17.235944
        32      -0.704591      14.427722
        33      -3.043351      16.644700
        34      -4.364027      17.878638
        35      -0.511093      14.171257
        36      -0.555028      14.216908
        37      -3.592247      17.083084
        38      -4.053979      17.562384
        39      -2.073371      15.660543
        40      -6.924390      20.353431
        41      -8.425544      21.774350
        42      -6.021485      19.462535
        43      -7.403121      20.758871
        44      -9.783660      22.979054
        45      -7.830227      21.098810
        46      -6.886624      20.223666
        47     -11.843995      25.011125
        48     -14.404387      27.528379
        49     -13.416114      26.664903
        50     -15.514012      28.687124
        51     -17.077124      30.137765
# Cycle: 48, status: ACC, move: ('sh', 0.3077242484485151, 5, 5)
#     Time      Potential        Kinetic
         0      -9.784115      20.007248
         1      -7.852241      18.029151
         2     -17.047489      26.691932
         3     -13.746081      23.485347
         4      -6.038078      16.105395
         5     -12.675836      22.449076
         6     -16.407885      26.071531
         7      -7.159752      17.314299
         8      -7.570130      17.726201
         9     -15.032188      24.840273
        10      -8.219415      18.389586
        11      -1.343860      11.929973
        12      -9.305788      19.586757
        13     -12.351086      22.603225
        14      -3.679956      14.441547
# Cycle: 49, status: ACC, move: ('tr', 0, 0, 0)
#     Time      Potential        Kinetic
         0      -3.679956      14.441547
         1     -12.351086      22.603225
         2      -9.305788      19.586757
         3      -1.343860      11.929973
         4      -8.219415      18.389586
         5     -15.032188      24.840273
         6      -7.570130      17.726201
         7      -7.159752      17.314299
         8     -16.407885      26.071531
         9     -12.675836      22.449076
        10      -6.038078      16.105395
        11     -13.746081      23.485347
        12     -17.047489      26.691932
        13      -7.852241      18.029151
        14      -9.784115      20.007248
# Cycle: 50, status: ACC, move: ('s-', 0, 0, 0)
#     Time      Potential        Kinetic
         0     -14.793736      29.423881
         1     -12.070066      26.814165
         2     -10.634835      25.441902
         3      -9.908816      24.732495
         4      -6.191120      21.237713
         5      -1.648224      16.940424
         6      -2.213805      17.525750
         7      -1.432481      16.799380
         8       1.362925      14.179628
         9       1.760098      13.796255
        10      -0.256514      15.751813
        11       2.305655      13.287468
        12       2.217442      13.361213
        13      -1.531117      16.867000
        14      -3.111868      18.368543
        15      -0.383434      15.687798
        16      -3.904718      19.037925
        17      -6.363124      21.333361
        18      -4.106010      19.141896
        19      -4.971928      19.951243
        20      -7.916279      22.712337
        21      -5.737396      20.643895
        22      -2.292261      17.384264
        23      -4.256741      19.296201
        24      -4.400714      19.497530
        25      -0.910351      16.267767
        26      -2.105928      17.483681
        27      -6.185382      21.489233
        28      -3.517204      19.040978
        29      -2.507130      18.172943
        30      -5.923177      21.441990
        31      -6.164477      21.659855
        32      -2.982135      18.511876
        33      -6.758197      22.020679
# Cycle: 51, status: ACC, move: ('s-', 0, 0, 0)
#     Time      Potential        Kinetic
         0      -3.679956      14.441547
         1     -12.351086      22.603225
         2      -9.305788      19.586757
         3      -1.343860      11.929973
         4      -8.219415      18.389586
         5     -15.032188      24.840273
         6      -7.570130      17.726201
         7      -7.159752      17.314299
         8     -16.407885      26.071531
         9     -12.675836      22.449076
        10      -6.038078      16.105395
        11     -13.746081      23.485347
        12     -17.047489      26.691932
        13      -7.852241      18.029151
        14      -9.784115      20.007248
# Cycle: 52, status: ACC, move: ('s-', 0, 0, 0)
#     Time      Potential        Kinetic
         0     -14.793736      29.423881
         1     -12.070066      26.814165
         2     -10.634835      25.441902
         3      -9.908816      24.732495
         4      -6.191120      21.237713
         5      -1.648224      16.940424
         6      -2.213805      17.525750
         7      -1.432481      16.799380
         8       1.362925      14.179628
         9       1.760098      13.796255
        10      -0.256514      15.751813
        11       2.305655      13.287468
        12       2.217442      13.361213
        13      -1.531117      16.867000
        14      -3.111868      18.368543
        15      -0.383434      15.687798
        16      -3.904718      19.037925
        17      -6.363124      21.333361
        18      -4.106010      19.141896
        19      -4.971928      19.951243
        20      -7.916279      22.712337
        21      -5.737396      20.643895
        22      -2.292261      17.384264
        23      -4.256741      19.296201
        24      -4.400714      19.497530
        25      -0.910351      16.267767
        26      -2.105928      17.483681
        27      -6.185382      21.489233
        28      -3.517204      19.040978
        29      -2.507130      18.172943
        30      -5.923177      21.441990
        31      -6.164477      21.659855
        32      -2.982135      18.511876
        33      -6.758197      22.020679
# Cycle: 53, status: ACC, move: ('s-', 0, 0, 0)
#     Time      Potential        Kinetic
         0      -3.679956      14.441547
         1     -12.351086      22.603225
         2      -9.305788      19.586757
         3      -1.343860      11.929973
         4      -8.219415      18.389586
         5     -15.032188      24.840273
         6      -7.570130      17.726201
         7      -7.159752      17.314299
         8     -16.407885      26.071531
         9     -12.675836      22.449076
        10      -6.038078      16.105395
        11     -13.746081      23.485347
        12     -17.047489      26.691932
        13      -7.852241      18.029151
        14      -9.784115      20.007248
# Cycle: 54, status: FTL, move: ('sh', 0.30724710482944617, 10, 7)
#     Time      Potential        Kinetic
         0     -10.636880      27.119316
         1     -16.061615      32.252379
         2     -18.983595      34.888182
         3      -8.346826      24.527378
         4      -7.488081      23.681807
         5     -12.979364      28.904021
         6     -13.081885      29.186461
         7      -6.038078      22.449076
         8     -16.611395      32.745389
         9     -17.711847      33.699209
        10      -7.430239      23.788128
        11      -6.010216      22.456207
        12     -11.833943      27.972279
        13     -10.788799      27.056831
        14      -5.946550      22.560422
# Cycle: 55, status: ACC, move: ('tr', 0, 0, 0)
#     Time      Potential        Kinetic
         0      -9.784115      20.007248
         1      -7.852241      18.029151
         2     -17.047489      26.691932
         3     -13.746081      23.485347
         4      -6.038078      16.105395
         5     -12.675836      22.449076
         6     -16.407885      26.071531
         7      -7.159752      17.314299
         8      -7.570130      17.726201
         9     -15.032188      24.840273
        10      -8.219415      18.389586
        11      -1.343860      11.929973
        12      -9.305788      19.586757
        13     -12.351086      22.603225
        14      -3.679956      14.441547
# Cycle: 56, status: NCR, move: ('s+', 0, 0, 0)
#     Time      Potential        Kinetic
         0     -12.057824      26.159981
         1     -10.396746      24.477805
         2     -13.124219      27.054820
         3     -10.581363      24.543601
         4      -7.545968      21.599975
         5      -8.533888      22.517068
         6      -7.352960      21.319396
         7      -4.828675      18.908442
         8      -5.050974      19.097427
         9      -6.572048      20.564099
        10      -3.638093      17.772952
        11      -3.043895      17.247513
        12      -4.341217      18.452264
        13      -4.311198      18.454844
        14      -2.051706      16.261808
        15      -5.005201      19.105187
        16      -5.235685      19.315463
        17      -3.890902      18.065561
        18      -5.224501      19.305101
        19      -8.771428      22.708829
        20      -6.071580      20.062175
        21      -7.484045      21.431722
        22      -9.412350      23.207649
        23      -8.607831      22.449076
        24      -6.880107      20.781224
        25      -9.584893      23.337865
        26      -9.382605      23.121153
        27      -6.412556      20.324123
        28      -6.050869      19.953772
        29      -7.817770      21.682120
        30      -5.336106      19.370989
        31      -4.309884      18.396756
        32      -8.809785      22.788500
        33      -6.452316      20.590413
        34      -3.537209      17.896188
        35      -5.805243      20.103726
        36      -7.246724      21.530991
        37      -5.009359      19.417301
        38      -7.980818      22.294094
        39     -11.000609      25.208220
        40     -11.119859      25.460631
# Cycle: 57, status: NCR, move: ('s+', 0, 0, 0)
#     Time      Potential        Kinetic
         0     -12.057824      26.159981
         1     -10.396746      24.477805
         2     -13.124219      27.054820
         3     -10.581363      24.543601
         4      -7.545968      21.599975
         5      -8.533888      22.517068
         6      -7.352960      21.319396
         7      -4.828675      18.908442
         8      -5.050974      19.097427
         9      -6.572048      20.564099
        10      -3.638093      17.772952
        11      -3.043895      17.247513
        12      -4.341217      18.452264
        13      -4.311198      18.454844
        14      -2.051706      16.261808
        15      -5.005201      19.105187
        16      -5.235685      19.315463
        17      -3.890902      18.065561
        18      -5.224501      19.305101
        19      -8.771428      22.708829
        20      -6.071580      20.062175
        21      -7.484045      21.431722
        22      -9.412350      23.207649
        23      -8.607831      22.449076
        24      -6.880107      20.781224
        25      -9.584893      23.337865
        26      -9.382605      23.121153
        27      -6.412556      20.324123
        28      -6.050869      19.953772
        29      -7.817770      21.682120
        30      -5.336106      19.370989
        31      -4.309884      18.396756
        32      -8.809785      22.788500
        33      -6.452316      20.590413
        34      -3.537209      17.896188
        35      -5.805243      20.103726
        36      -7.246724      21.530991
        37      -5.009359      19.417301
        38      -7.980818      22.294094
        39     -11.000609      25.208220
        40     -11.119859      25.460631
# Cycle: 58, status: ACC, move: ('sh', 0.30455686010850674, 3, 1)
#     Time      Potential        Kinetic
         0     -15.965400      24.648733
         1     -13.746081      22.449076
         2     -12.878907      21.500143
         3     -14.284279      22.781639
         4     -13.394180      21.893111
         5     -11.668429      20.228467
         6     -11.254348      19.809398
         7     -10.945947      19.505676
         8      -8.158130      16.798444
         9      -7.534664      16.190677
        10      -7.431514      16.068492
        11      -6.445077      15.166488
        12      -3.878063      12.705472
        13      -5.198708      14.021149
        14      -4.467756      13.312321
        15      -2.148856      11.101310
        16      -1.612289      10.586787
        17      -1.778328      10.704059
        18      -0.062096       9.037614
        19       1.589157       7.436074
        20       0.436110       8.505736
        21      -0.030145       8.926268
        22       1.185812       7.757400
        23      -0.223812       9.095045
        24      -2.664502      11.413075
        25      -2.552287      11.311585
        26      -2.265281      11.018730
        27      -4.979772      13.610660
        28      -5.623937      14.220945
        29      -3.865670      12.526021
        30      -6.053656      14.645095
        31      -7.728441      16.236428
        32      -6.225554      14.827464
        33      -6.154086      14.803042
        34      -7.653336      16.221891
        35      -6.894402      15.508117
        36      -3.985336      12.728929
        37      -4.468249      13.161030
        38      -4.941262      13.595835
        39      -1.783953      10.603672
        40      -0.942391       9.815194
        41      -3.506551      12.291708
        42      -3.157317      12.007212
        43      -3.065221      11.985331
        44      -7.443371      16.226453
        45      -9.344169      18.117787
        46      -6.657435      15.614403
        47      -8.850350      17.763541
        48     -12.205863      20.953845
        49     -11.738573      20.528793
        50     -12.741730      21.541661
        51     -15.912786      24.567480
        52     -15.282443      23.956053
