# Cycle: 0, status: ACC, move: ('ki', 0, 0, 0)
#     Time       Orderp
         0     0.298854
         1     0.300789
         2     0.298854
# Cycle: 1, status: BTL, move: ('sh', 0.3007890721436057, 1, 0)
#     Time       Orderp
         0     0.300789
         1     0.300935
# Cycle: 2, status: BTL, move: ('sh', 0.3007890721436057, 1, 0)
#     Time       Orderp
         0     0.300789
         1     0.302676
# Cycle: 3, status: BTL, move: ('sh', 0.3007890721436057, 1, 0)
#     Time       Orderp
         0     0.300789
         1     0.303442
# Cycle: 4, status: BTL, move: ('sh', 0.3007890721436057, 1, 0)
#     Time       Orderp
         0     0.300789
         1     0.295558
# Cycle: 5, status: NCR, move: ('s+', 0.3636429349851767, 20, 14)
#     Time       Orderp
         0     0.298411
         1     0.304885
         2     0.311749
         3     0.316665
         4     0.323774
         5     0.328566
         6     0.333609
         7     0.338508
         8     0.342662
         9     0.346145
        10     0.350620
        11     0.353642
        12     0.357197
        13     0.360898
        14     0.363643
        15     0.366740
        16     0.369801
        17     0.371563
        18     0.374073
        19     0.375862
        20     0.376654
        21     0.378426
        22     0.378757
        23     0.379066
        24     0.379584
        25     0.379471
        26     0.378515
        27     0.379513
        28     0.377481
        29     0.377690
        30     0.376783
        31     0.375447
        32     0.374333
        33     0.373574
        34     0.370920
        35     0.369991
        36     0.367708
        37     0.364703
        38     0.362871
        39     0.359247
        40     0.355691
        41     0.352611
        42     0.348217
        43     0.343862
        44     0.340516
        45     0.335010
        46     0.330987
        47     0.326332
        48     0.320529
        49     0.315151
        50     0.309452
        51     0.301954
        52     0.296147
# Cycle: 6, status: NCR, move: ('s+', 0.3636429349851767, 20, 14)
#     Time       Orderp
         0     0.298411
         1     0.304885
         2     0.311749
         3     0.316665
         4     0.323774
         5     0.328566
         6     0.333609
         7     0.338508
         8     0.342662
         9     0.346145
        10     0.350620
        11     0.353642
        12     0.357197
        13     0.360898
        14     0.363643
        15     0.366740
        16     0.369801
        17     0.371563
        18     0.374073
        19     0.375862
        20     0.376654
        21     0.378426
        22     0.378757
        23     0.379066
        24     0.379584
        25     0.379471
        26     0.378515
        27     0.379513
        28     0.377481
        29     0.377690
        30     0.376783
        31     0.375447
        32     0.374333
        33     0.373574
        34     0.370920
        35     0.369991
        36     0.367708
        37     0.364703
        38     0.362871
        39     0.359247
        40     0.355691
        41     0.352611
        42     0.348217
        43     0.343862
        44     0.340516
        45     0.335010
        46     0.330987
        47     0.326332
        48     0.320529
        49     0.315151
        50     0.309452
        51     0.301954
        52     0.296147
# Cycle: 7, status: ACC, move: ('tr', 0, 0, 0)
#     Time       Orderp
         0     0.298854
         1     0.300789
         2     0.298854
# Cycle: 8, status: NCR, move: ('s+', 0, 0, 0)
#     Time       Orderp
         0     0.296147
         1     0.301954
         2     0.309452
         3     0.315151
         4     0.320529
         5     0.326332
         6     0.330987
         7     0.335010
         8     0.340516
         9     0.343862
        10     0.348217
        11     0.352611
        12     0.355691
        13     0.359247
        14     0.362871
        15     0.364703
        16     0.367708
        17     0.369991
        18     0.370920
        19     0.373574
        20     0.374333
        21     0.375447
        22     0.376783
        23     0.377690
        24     0.377481
        25     0.379513
        26     0.378515
        27     0.379471
        28     0.379584
        29     0.379066
        30     0.378757
        31     0.378426
        32     0.376654
        33     0.375862
        34     0.374073
        35     0.371563
        36     0.369801
        37     0.366740
        38     0.363643
        39     0.360898
        40     0.357197
        41     0.353642
        42     0.350620
        43     0.346145
        44     0.342662
        45     0.338508
        46     0.333609
        47     0.328566
        48     0.323774
        49     0.316665
        50     0.311749
        51     0.304885
        52     0.298411
# Cycle: 9, status: BTL, move: ('sh', 0.3007890721436057, 1, 0)
#     Time       Orderp
         0     0.300789
         1     0.300686
         2     0.300392
# Cycle: 10, status: ACC, move: ('tr', 0, 0, 0)
#     Time       Orderp
         0     0.298854
         1     0.300789
         2     0.298854
# Cycle: 11, status: BTL, move: ('sh', 0.3007890721436057, 1, 0)
#     Time       Orderp
         0     0.300789
         1     0.302545
# Cycle: 12, status: ACC, move: ('s-', 0, 0, 0)
#     Time       Orderp
         0     0.299040
         1     0.302802
         2     0.304372
         3     0.305893
         4     0.308533
         5     0.309966
         6     0.310715
         7     0.312921
         8     0.312444
         9     0.312749
        10     0.314216
        11     0.313489
        12     0.315167
        13     0.316407
        14     0.316882
        15     0.317958
        16     0.318998
        17     0.317630
        18     0.317945
        19     0.315779
        20     0.313793
        21     0.311052
        22     0.307992
        23     0.304010
        24     0.301946
        25     0.297265
# Cycle: 13, status: NCR, move: ('s+', 0, 0, 0)
#     Time       Orderp
         0     0.296957
         1     0.306088
         2     0.312194
         3     0.320855
         4     0.326189
         5     0.333141
         6     0.338039
         7     0.343577
         8     0.347119
         9     0.352033
        10     0.354646
        11     0.358587
        12     0.361209
        13     0.364214
        14     0.366740
        15     0.369226
        16     0.371428
        17     0.373400
        18     0.375642
        19     0.376701
        20     0.379081
        21     0.379424
        22     0.381012
        23     0.381003
        24     0.381860
        25     0.380760
        26     0.381714
        27     0.379671
        28     0.379955
        29     0.378091
        30     0.377161
        31     0.374987
        32     0.373978
        33     0.370573
        34     0.369360
        35     0.365846
        36     0.362941
        37     0.359799
        38     0.355948
        39     0.351822
        40     0.348095
        41     0.343383
        42     0.338647
        43     0.334576
        44     0.328360
        45     0.323732
        46     0.317213
        47     0.310692
        48     0.303261
        49     0.296010
# Cycle: 14, status: ACC, move: ('sh', 0.31640744740733634, 13, 8)
#     Time       Orderp
         0     0.298309
         1     0.301647
         2     0.305414
         3     0.308153
         4     0.309645
         5     0.312288
         6     0.312992
         7     0.314646
         8     0.316407
         9     0.317647
        10     0.319218
        11     0.321979
        12     0.322512
        13     0.324909
        14     0.326619
        15     0.327487
        16     0.329076
        17     0.330306
        18     0.330245
        19     0.330813
        20     0.329816
        21     0.327927
        22     0.326091
        23     0.323273
        24     0.320940
        25     0.319192
        26     0.317071
        27     0.315998
        28     0.314808
        29     0.312856
        30     0.311519
        31     0.309503
        32     0.306723
        33     0.304559
        34     0.301267
        35     0.296295
# Cycle: 15, status: ACC, move: ('tr', 0, 0, 0)
#     Time       Orderp
         0     0.296295
         1     0.301267
         2     0.304559
         3     0.306723
         4     0.309503
         5     0.311519
         6     0.312856
         7     0.314808
         8     0.315998
         9     0.317071
        10     0.319192
        11     0.320940
        12     0.323273
        13     0.326091
        14     0.327927
        15     0.329816
        16     0.330813
        17     0.330245
        18     0.330306
        19     0.329076
        20     0.327487
        21     0.326619
        22     0.324909
        23     0.322512
        24     0.321979
        25     0.319218
        26     0.317647
        27     0.316407
        28     0.314646
        29     0.312992
        30     0.312288
        31     0.309645
        32     0.308153
        33     0.305414
        34     0.301647
        35     0.298309
# Cycle: 16, status: ACC, move: ('sh', 0.3192182675883317, 25, 6)
#     Time       Orderp
         0     0.298373
         1     0.302171
         2     0.306695
         3     0.310159
         4     0.312542
         5     0.317322
         6     0.319218
         7     0.322123
         8     0.325205
         9     0.326106
        10     0.327572
        11     0.328872
        12     0.328420
        13     0.329060
        14     0.328841
        15     0.328047
        16     0.327493
        17     0.327027
        18     0.325031
        19     0.325034
        20     0.323299
        21     0.321895
        22     0.321085
        23     0.318870
        24     0.316535
        25     0.314503
        26     0.310518
        27     0.306863
        28     0.303042
        29     0.297412
# Cycle: 17, status: ACC, move: ('sh', 0.3218951906938009, 21, 13)
#     Time       Orderp
         0     0.299237
         1     0.302299
         2     0.304404
         3     0.305931
         4     0.306163
         5     0.306985
         6     0.308080
         7     0.309627
         8     0.311664
         9     0.314865
        10     0.317077
        11     0.320072
        12     0.321916
        13     0.321895
        14     0.322131
        15     0.321648
        16     0.320797
        17     0.321362
        18     0.321950
        19     0.322973
        20     0.325140
        21     0.327068
        22     0.329339
        23     0.331206
        24     0.331692
        25     0.332542
        26     0.331230
        27     0.330341
        28     0.328527
        29     0.325859
        30     0.321945
        31     0.318681
        32     0.313808
        33     0.309870
        34     0.306900
        35     0.303895
        36     0.301110
        37     0.299296
# Cycle: 18, status: NCR, move: ('s+', 0, 0, 0)
#     Time       Orderp
         0     0.296010
         1     0.303261
         2     0.310692
         3     0.317213
         4     0.323732
         5     0.328360
         6     0.334576
         7     0.338647
         8     0.343383
         9     0.348095
        10     0.351822
        11     0.355948
        12     0.359799
        13     0.362941
        14     0.365846
        15     0.369360
        16     0.370573
        17     0.373978
        18     0.374987
        19     0.377161
        20     0.378091
        21     0.379955
        22     0.379671
        23     0.381714
        24     0.380760
        25     0.381860
        26     0.381003
        27     0.381012
        28     0.379424
        29     0.379081
        30     0.376701
        31     0.375642
        32     0.373400
        33     0.371428
        34     0.369226
        35     0.366740
        36     0.364214
        37     0.361209
        38     0.358587
        39     0.354646
        40     0.352033
        41     0.347119
        42     0.343577
        43     0.338039
        44     0.333141
        45     0.326189
        46     0.320855
        47     0.312194
        48     0.306088
        49     0.296957
# Cycle: 19, status: NCR, move: ('s+', 0, 0, 0)
#     Time       Orderp
         0     0.296010
         1     0.303261
         2     0.310692
         3     0.317213
         4     0.323732
         5     0.328360
         6     0.334576
         7     0.338647
         8     0.343383
         9     0.348095
        10     0.351822
        11     0.355948
        12     0.359799
        13     0.362941
        14     0.365846
        15     0.369360
        16     0.370573
        17     0.373978
        18     0.374987
        19     0.377161
        20     0.378091
        21     0.379955
        22     0.379671
        23     0.381714
        24     0.380760
        25     0.381860
        26     0.381003
        27     0.381012
        28     0.379424
        29     0.379081
        30     0.376701
        31     0.375642
        32     0.373400
        33     0.371428
        34     0.369226
        35     0.366740
        36     0.364214
        37     0.361209
        38     0.358587
        39     0.354646
        40     0.352033
        41     0.347119
        42     0.343577
        43     0.338039
        44     0.333141
        45     0.326189
        46     0.320855
        47     0.312194
        48     0.306088
        49     0.296957
# Cycle: 20, status: NCR, move: ('s+', 0, 0, 0)
#     Time       Orderp
         0     0.296010
         1     0.303261
         2     0.310692
         3     0.317213
         4     0.323732
         5     0.328360
         6     0.334576
         7     0.338647
         8     0.343383
         9     0.348095
        10     0.351822
        11     0.355948
        12     0.359799
        13     0.362941
        14     0.365846
        15     0.369360
        16     0.370573
        17     0.373978
        18     0.374987
        19     0.377161
        20     0.378091
        21     0.379955
        22     0.379671
        23     0.381714
        24     0.380760
        25     0.381860
        26     0.381003
        27     0.381012
        28     0.379424
        29     0.379081
        30     0.376701
        31     0.375642
        32     0.373400
        33     0.371428
        34     0.369226
        35     0.366740
        36     0.364214
        37     0.361209
        38     0.358587
        39     0.354646
        40     0.352033
        41     0.347119
        42     0.343577
        43     0.338039
        44     0.333141
        45     0.326189
        46     0.320855
        47     0.312194
        48     0.306088
        49     0.296957
# Cycle: 21, status: ACC, move: ('sh', 0.3207965293538972, 16, 12)
#     Time       Orderp
         0     0.299524
         1     0.304480
         2     0.308760
         3     0.312781
         4     0.315801
         5     0.318189
         6     0.319416
         7     0.320222
         8     0.320315
         9     0.319763
        10     0.319697
        11     0.320503
        12     0.320797
        13     0.322401
        14     0.324746
        15     0.326080
        16     0.328558
        17     0.329942
        18     0.329414
        19     0.329922
        20     0.328264
        21     0.327383
        22     0.326832
        23     0.326446
        24     0.325627
        25     0.326968
        26     0.325900
        27     0.327186
        28     0.326199
        29     0.326155
        30     0.324601
        31     0.323660
        32     0.320772
        33     0.319476
        34     0.315425
        35     0.311996
        36     0.308435
        37     0.304109
        38     0.300331
        39     0.297684
# Cycle: 22, status: ACC, move: ('s-', 0, 0, 0)
#     Time       Orderp
         0     0.298598
         1     0.301915
         2     0.304741
         3     0.307412
         4     0.310134
         5     0.312383
         6     0.314446
         7     0.317554
         8     0.319508
         9     0.323069
        10     0.325695
        11     0.328928
        12     0.331027
        13     0.334060
        14     0.334792
        15     0.337225
        16     0.337395
        17     0.338789
        18     0.338673
        19     0.339263
        20     0.338150
        21     0.338437
        22     0.336789
        23     0.336635
        24     0.335873
        25     0.335345
        26     0.334954
        27     0.334447
        28     0.333182
        29     0.331510
        30     0.329565
        31     0.326156
        32     0.324251
        33     0.320787
        34     0.318965
        35     0.316032
        36     0.314420
        37     0.310874
        38     0.308785
        39     0.304156
        40     0.300883
        41     0.295946
# Cycle: 23, status: ACC, move: ('sh', 0.32956522906211894, 30, 8)
#     Time       Orderp
         0     0.295510
         1     0.301207
         2     0.307407
         3     0.310474
         4     0.315483
         5     0.318512
         6     0.322306
         7     0.325878
         8     0.329565
         9     0.331836
        10     0.335513
        11     0.337227
        12     0.339271
        13     0.341622
        14     0.342770
        15     0.344293
        16     0.345893
        17     0.346418
        18     0.347116
        19     0.348260
        20     0.347204
        21     0.348000
        22     0.347047
        23     0.346015
        24     0.345101
        25     0.343899
        26     0.341300
        27     0.340506
        28     0.337233
        29     0.334655
        30     0.331999
        31     0.328104
        32     0.324516
        33     0.321403
        34     0.316683
        35     0.312758
        36     0.308249
        37     0.301630
        38     0.296382
# Cycle: 24, status: NCR, move: ('s+', 0.3883064094082419, 21, 20)
#     Time       Orderp
         0     0.292690
         1     0.300116
         2     0.308137
         3     0.316240
         4     0.323723
         5     0.331134
         6     0.337340
         7     0.343996
         8     0.348618
         9     0.353898
        10     0.358099
        11     0.361905
        12     0.365119
        13     0.369029
        14     0.371341
        15     0.375118
        16     0.377597
        17     0.380991
        18     0.383329
        19     0.386482
        20     0.388306
        21     0.391048
        22     0.392471
        23     0.394706
        24     0.395646
        25     0.397428
        26     0.397998
        27     0.399159
        28     0.399475
        29     0.400433
        30     0.399902
        31     0.401205
        32     0.400448
        33     0.401281
        34     0.401629
        35     0.402443
        36     0.402788
        37     0.404897
        38     0.405195
        39     0.406927
        40     0.407909
        41     0.408719
        42     0.408363
        43     0.408632
        44     0.406998
        45     0.406058
        46     0.404683
        47     0.402724
        48     0.402014
        49     0.400222
        50     0.399079
        51     0.397999
        52     0.396658
        53     0.394743
        54     0.393961
        55     0.391439
        56     0.390204
        57     0.388510
        58     0.386624
        59     0.385364
        60     0.383736
        61     0.382454
        62     0.380665
        63     0.379254
        64     0.377000
        65     0.374509
        66     0.371329
        67     0.368418
        68     0.363966
        69     0.360574
        70     0.356412
        71     0.351925
        72     0.347768
        73     0.343482
        74     0.337880
        75     0.333188
        76     0.327798
        77     0.321826
        78     0.317249
        79     0.312146
        80     0.307891
        81     0.303741
        82     0.299366
# Cycle: 25, status: NCR, move: ('s+', 0.3883064094082419, 21, 20)
#     Time       Orderp
         0     0.292690
         1     0.300116
         2     0.308137
         3     0.316240
         4     0.323723
         5     0.331134
         6     0.337340
         7     0.343996
         8     0.348618
         9     0.353898
        10     0.358099
        11     0.361905
        12     0.365119
        13     0.369029
        14     0.371341
        15     0.375118
        16     0.377597
        17     0.380991
        18     0.383329
        19     0.386482
        20     0.388306
        21     0.391048
        22     0.392471
        23     0.394706
        24     0.395646
        25     0.397428
        26     0.397998
        27     0.399159
        28     0.399475
        29     0.400433
        30     0.399902
        31     0.401205
        32     0.400448
        33     0.401281
        34     0.401629
        35     0.402443
        36     0.402788
        37     0.404897
        38     0.405195
        39     0.406927
        40     0.407909
        41     0.408719
        42     0.408363
        43     0.408632
        44     0.406998
        45     0.406058
        46     0.404683
        47     0.402724
        48     0.402014
        49     0.400222
        50     0.399079
        51     0.397999
        52     0.396658
        53     0.394743
        54     0.393961
        55     0.391439
        56     0.390204
        57     0.388510
        58     0.386624
        59     0.385364
        60     0.383736
        61     0.382454
        62     0.380665
        63     0.379254
        64     0.377000
        65     0.374509
        66     0.371329
        67     0.368418
        68     0.363966
        69     0.360574
        70     0.356412
        71     0.351925
        72     0.347768
        73     0.343482
        74     0.337880
        75     0.333188
        76     0.327798
        77     0.321826
        78     0.317249
        79     0.312146
        80     0.307891
        81     0.303741
        82     0.299366
# Cycle: 26, status: ACC, move: ('tr', 0, 0, 0)
#     Time       Orderp
         0     0.296382
         1     0.301630
         2     0.308249
         3     0.312758
         4     0.316683
         5     0.321403
         6     0.324516
         7     0.328104
         8     0.331999
         9     0.334655
        10     0.337233
        11     0.340506
        12     0.341300
        13     0.343899
        14     0.345101
        15     0.346015
        16     0.347047
        17     0.348000
        18     0.347204
        19     0.348260
        20     0.347116
        21     0.346418
        22     0.345893
        23     0.344293
        24     0.342770
        25     0.341622
        26     0.339271
        27     0.337227
        28     0.335513
        29     0.331836
        30     0.329565
        31     0.325878
        32     0.322306
        33     0.318512
        34     0.315483
        35     0.310474
        36     0.307407
        37     0.301207
        38     0.295510
# Cycle: 27, status: ACC, move: ('tr', 0, 0, 0)
#     Time       Orderp
         0     0.295510
         1     0.301207
         2     0.307407
         3     0.310474
         4     0.315483
         5     0.318512
         6     0.322306
         7     0.325878
         8     0.329565
         9     0.331836
        10     0.335513
        11     0.337227
        12     0.339271
        13     0.341622
        14     0.342770
        15     0.344293
        16     0.345893
        17     0.346418
        18     0.347116
        19     0.348260
        20     0.347204
        21     0.348000
        22     0.347047
        23     0.346015
        24     0.345101
        25     0.343899
        26     0.341300
        27     0.340506
        28     0.337233
        29     0.334655
        30     0.331999
        31     0.328104
        32     0.324516
        33     0.321403
        34     0.316683
        35     0.312758
        36     0.308249
        37     0.301630
        38     0.296382
# Cycle: 28, status: ACC, move: ('tr', 0, 0, 0)
#     Time       Orderp
         0     0.296382
         1     0.301630
         2     0.308249
         3     0.312758
         4     0.316683
         5     0.321403
         6     0.324516
         7     0.328104
         8     0.331999
         9     0.334655
        10     0.337233
        11     0.340506
        12     0.341300
        13     0.343899
        14     0.345101
        15     0.346015
        16     0.347047
        17     0.348000
        18     0.347204
        19     0.348260
        20     0.347116
        21     0.346418
        22     0.345893
        23     0.344293
        24     0.342770
        25     0.341622
        26     0.339271
        27     0.337227
        28     0.335513
        29     0.331836
        30     0.329565
        31     0.325878
        32     0.322306
        33     0.318512
        34     0.315483
        35     0.310474
        36     0.307407
        37     0.301207
        38     0.295510
# Cycle: 29, status: ACC, move: ('sh', 0.30824857082673257, 2, 3)
#     Time       Orderp
         0     0.298318
         1     0.302333
         2     0.304360
         3     0.308249
         4     0.310400
         5     0.312325
         6     0.315006
         7     0.316286
         8     0.317371
         9     0.319251
        10     0.319348
        11     0.319978
        12     0.320929
        13     0.320056
        14     0.320547
        15     0.320081
        16     0.319140
        17     0.318447
        18     0.317888
        19     0.315488
        20     0.315212
        21     0.312647
        22     0.310618
        23     0.308482
        24     0.305693
        25     0.302004
        26     0.299733
# Cycle: 30, status: ACC, move: ('s-', 0, 0, 0)
#     Time       Orderp
         0     0.299200
         1     0.300613
         2     0.302670
         3     0.303883
         4     0.304196
         5     0.304933
         6     0.303781
         7     0.302480
         8     0.301467
         9     0.299426
# Cycle: 31, status: BTL, move: ('sh', 0.3049325969680515, 5, 0)
#     Time       Orderp
         0     0.304933
         1     0.310100
         2     0.315302
         3     0.320165
         4     0.323996
         5     0.327630
         6     0.331500
         7     0.333682
         8     0.337768
         9     0.340835
        10     0.344294
        11     0.348566
        12     0.353242
        13     0.356256
        14     0.361181
        15     0.364124
        16     0.366789
# Cycle: 32, status: NCR, move: ('s+', 0.36511934192118733, 70, 24)
#     Time       Orderp
         0     0.296152
         1     0.301990
         2     0.307626
         3     0.311831
         4     0.316329
         5     0.319492
         6     0.322571
         7     0.325331
         8     0.328167
         9     0.330940
        10     0.333802
        11     0.337242
        12     0.340127
        13     0.343731
        14     0.346912
        15     0.350006
        16     0.352900
        17     0.355760
        18     0.357517
        19     0.360278
        20     0.361271
        21     0.363131
        22     0.364085
        23     0.364945
        24     0.365119
        25     0.365980
        26     0.364778
        27     0.365025
        28     0.363815
        29     0.362618
        30     0.361412
        31     0.359862
        32     0.357843
        33     0.355946
        34     0.353679
        35     0.350741
        36     0.348640
        37     0.345177
        38     0.342781
        39     0.339453
        40     0.336577
        41     0.332947
        42     0.329926
        43     0.325082
        44     0.321472
        45     0.315708
        46     0.310281
        47     0.304035
        48     0.297390
# Cycle: 33, status: ACC, move: ('sh', 0.3049325969680515, 5, 11)
#     Time       Orderp
         0     0.298312
         1     0.300053
         2     0.301438
         3     0.301574
         4     0.300711
         5     0.301843
         6     0.301458
         7     0.302426
         8     0.304225
         9     0.304478
        10     0.305039
        11     0.304933
        12     0.302905
        13     0.301863
        14     0.299823
# Cycle: 34, status: ACC, move: ('s-', 0, 0, 0)
#     Time       Orderp
         0     0.297574
         1     0.303686
         2     0.308748
         3     0.313888
         4     0.317622
         5     0.321469
         6     0.323717
         7     0.326453
         8     0.327840
         9     0.328956
        10     0.330040
        11     0.330762
        12     0.330683
        13     0.331956
        14     0.332028
        15     0.332115
        16     0.332945
        17     0.332386
        18     0.331698
        19     0.331281
        20     0.329122
        21     0.327467
        22     0.324971
        23     0.321969
        24     0.318775
        25     0.315564
        26     0.311880
        27     0.308829
        28     0.305718
        29     0.303083
        30     0.300789
        31     0.298895
# Cycle: 35, status: ACC, move: ('s-', 0, 0, 0)
#     Time       Orderp
         0     0.298312
         1     0.300053
         2     0.301438
         3     0.301574
         4     0.300711
         5     0.301843
         6     0.301458
         7     0.302426
         8     0.304225
         9     0.304478
        10     0.305039
        11     0.304933
        12     0.302905
        13     0.301863
        14     0.299823
# Cycle: 36, status: ACC, move: ('sh', 0.3014575343181284, 6, 2)
#     Time       Orderp
         0     0.297998
         1     0.300241
         2     0.301458
         3     0.303919
         4     0.306137
         5     0.307724
         6     0.309812
         7     0.311690
         8     0.313251
         9     0.315229
        10     0.315918
        11     0.316579
        12     0.316566
        13     0.315285
        14     0.313838
        15     0.311547
        16     0.308738
        17     0.305658
        18     0.302071
        19     0.299750
# Cycle: 37, status: NCR, move: ('s+', 0.36338037204268475, 30, 21)
#     Time       Orderp
         0     0.298901
         1     0.304230
         2     0.310391
         3     0.315136
         4     0.319717
         5     0.324644
         6     0.328293
         7     0.332145
         8     0.336158
         9     0.338997
        10     0.342053
        11     0.345684
        12     0.347032
        13     0.350499
        14     0.352413
        15     0.354067
        16     0.356473
        17     0.358300
        18     0.359135
        19     0.361707
        20     0.362537
        21     0.363380
        22     0.365482
        23     0.365182
        24     0.366281
        25     0.366452
        26     0.366273
        27     0.365379
        28     0.365526
        29     0.363008
        30     0.362830
        31     0.360231
        32     0.358970
        33     0.356434
        34     0.355145
        35     0.351999
        36     0.351262
        37     0.348264
        38     0.347144
        39     0.345032
        40     0.343264
        41     0.340545
        42     0.338587
        43     0.334250
        44     0.330691
        45     0.326417
        46     0.320732
        47     0.316537
        48     0.311143
        49     0.305629
        50     0.301029
        51     0.296044
# Cycle: 38, status: ACC, move: ('s-', 0, 0, 0)
#     Time       Orderp
         0     0.297194
         1     0.300375
         2     0.303526
         3     0.305368
         4     0.308702
         5     0.309293
         6     0.311650
         7     0.312854
         8     0.313185
         9     0.313872
        10     0.313615
        11     0.312264
        12     0.311485
        13     0.309739
        14     0.307093
        15     0.305273
        16     0.301747
        17     0.298192
# Cycle: 39, status: NCR, move: ('s+', 0.36338037204268475, 30, 21)
#     Time       Orderp
         0     0.298901
         1     0.304230
         2     0.310391
         3     0.315136
         4     0.319717
         5     0.324644
         6     0.328293
         7     0.332145
         8     0.336158
         9     0.338997
        10     0.342053
        11     0.345684
        12     0.347032
        13     0.350499
        14     0.352413
        15     0.354067
        16     0.356473
        17     0.358300
        18     0.359135
        19     0.361707
        20     0.362537
        21     0.363380
        22     0.365482
        23     0.365182
        24     0.366281
        25     0.366452
        26     0.366273
        27     0.365379
        28     0.365526
        29     0.363008
        30     0.362830
        31     0.360231
        32     0.358970
        33     0.356434
        34     0.355145
        35     0.351999
        36     0.351262
        37     0.348264
        38     0.347144
        39     0.345032
        40     0.343264
        41     0.340545
        42     0.338587
        43     0.334250
        44     0.330691
        45     0.326417
        46     0.320732
        47     0.316537
        48     0.311143
        49     0.305629
        50     0.301029
        51     0.296044
# Cycle: 40, status: ACC, move: ('s-', 0, 0, 0)
#     Time       Orderp
         0     0.297998
         1     0.300241
         2     0.301458
         3     0.303919
         4     0.306137
         5     0.307724
         6     0.309812
         7     0.311690
         8     0.313251
         9     0.315229
        10     0.315918
        11     0.316579
        12     0.316566
        13     0.315285
        14     0.313838
        15     0.311547
        16     0.308738
        17     0.305658
        18     0.302071
        19     0.299750
# Cycle: 41, status: ACC, move: ('s-', 0, 0, 0)
#     Time       Orderp
         0     0.297194
         1     0.300375
         2     0.303526
         3     0.305368
         4     0.308702
         5     0.309293
         6     0.311650
         7     0.312854
         8     0.313185
         9     0.313872
        10     0.313615
        11     0.312264
        12     0.311485
        13     0.309739
        14     0.307093
        15     0.305273
        16     0.301747
        17     0.298192
# Cycle: 42, status: NCR, move: ('s+', 0.36338037204268475, 30, 21)
#     Time       Orderp
         0     0.298901
         1     0.304230
         2     0.310391
         3     0.315136
         4     0.319717
         5     0.324644
         6     0.328293
         7     0.332145
         8     0.336158
         9     0.338997
        10     0.342053
        11     0.345684
        12     0.347032
        13     0.350499
        14     0.352413
        15     0.354067
        16     0.356473
        17     0.358300
        18     0.359135
        19     0.361707
        20     0.362537
        21     0.363380
        22     0.365482
        23     0.365182
        24     0.366281
        25     0.366452
        26     0.366273
        27     0.365379
        28     0.365526
        29     0.363008
        30     0.362830
        31     0.360231
        32     0.358970
        33     0.356434
        34     0.355145
        35     0.351999
        36     0.351262
        37     0.348264
        38     0.347144
        39     0.345032
        40     0.343264
        41     0.340545
        42     0.338587
        43     0.334250
        44     0.330691
        45     0.326417
        46     0.320732
        47     0.316537
        48     0.311143
        49     0.305629
        50     0.301029
        51     0.296044
# Cycle: 43, status: ACC, move: ('s-', 0, 0, 0)
#     Time       Orderp
         0     0.297998
         1     0.300241
         2     0.301458
         3     0.303919
         4     0.306137
         5     0.307724
         6     0.309812
         7     0.311690
         8     0.313251
         9     0.315229
        10     0.315918
        11     0.316579
        12     0.316566
        13     0.315285
        14     0.313838
        15     0.311547
        16     0.308738
        17     0.305658
        18     0.302071
        19     0.299750
# Cycle: 44, status: NCR, move: ('s+', 0.36338037204268475, 30, 21)
#     Time       Orderp
         0     0.298901
         1     0.304230
         2     0.310391
         3     0.315136
         4     0.319717
         5     0.324644
         6     0.328293
         7     0.332145
         8     0.336158
         9     0.338997
        10     0.342053
        11     0.345684
        12     0.347032
        13     0.350499
        14     0.352413
        15     0.354067
        16     0.356473
        17     0.358300
        18     0.359135
        19     0.361707
        20     0.362537
        21     0.363380
        22     0.365482
        23     0.365182
        24     0.366281
        25     0.366452
        26     0.366273
        27     0.365379
        28     0.365526
        29     0.363008
        30     0.362830
        31     0.360231
        32     0.358970
        33     0.356434
        34     0.355145
        35     0.351999
        36     0.351262
        37     0.348264
        38     0.347144
        39     0.345032
        40     0.343264
        41     0.340545
        42     0.338587
        43     0.334250
        44     0.330691
        45     0.326417
        46     0.320732
        47     0.316537
        48     0.311143
        49     0.305629
        50     0.301029
        51     0.296044
# Cycle: 45, status: NCR, move: ('s+', 0.36338037204268475, 30, 21)
#     Time       Orderp
         0     0.298901
         1     0.304230
         2     0.310391
         3     0.315136
         4     0.319717
         5     0.324644
         6     0.328293
         7     0.332145
         8     0.336158
         9     0.338997
        10     0.342053
        11     0.345684
        12     0.347032
        13     0.350499
        14     0.352413
        15     0.354067
        16     0.356473
        17     0.358300
        18     0.359135
        19     0.361707
        20     0.362537
        21     0.363380
        22     0.365482
        23     0.365182
        24     0.366281
        25     0.366452
        26     0.366273
        27     0.365379
        28     0.365526
        29     0.363008
        30     0.362830
        31     0.360231
        32     0.358970
        33     0.356434
        34     0.355145
        35     0.351999
        36     0.351262
        37     0.348264
        38     0.347144
        39     0.345032
        40     0.343264
        41     0.340545
        42     0.338587
        43     0.334250
        44     0.330691
        45     0.326417
        46     0.320732
        47     0.316537
        48     0.311143
        49     0.305629
        50     0.301029
        51     0.296044
# Cycle: 46, status: NCR, move: ('s+', 0.36338037204268475, 30, 21)
#     Time       Orderp
         0     0.298901
         1     0.304230
         2     0.310391
         3     0.315136
         4     0.319717
         5     0.324644
         6     0.328293
         7     0.332145
         8     0.336158
         9     0.338997
        10     0.342053
        11     0.345684
        12     0.347032
        13     0.350499
        14     0.352413
        15     0.354067
        16     0.356473
        17     0.358300
        18     0.359135
        19     0.361707
        20     0.362537
        21     0.363380
        22     0.365482
        23     0.365182
        24     0.366281
        25     0.366452
        26     0.366273
        27     0.365379
        28     0.365526
        29     0.363008
        30     0.362830
        31     0.360231
        32     0.358970
        33     0.356434
        34     0.355145
        35     0.351999
        36     0.351262
        37     0.348264
        38     0.347144
        39     0.345032
        40     0.343264
        41     0.340545
        42     0.338587
        43     0.334250
        44     0.330691
        45     0.326417
        46     0.320732
        47     0.316537
        48     0.311143
        49     0.305629
        50     0.301029
        51     0.296044
# Cycle: 47, status: NCR, move: ('s+', 0.36338037204268475, 30, 21)
#     Time       Orderp
         0     0.298901
         1     0.304230
         2     0.310391
         3     0.315136
         4     0.319717
         5     0.324644
         6     0.328293
         7     0.332145
         8     0.336158
         9     0.338997
        10     0.342053
        11     0.345684
        12     0.347032
        13     0.350499
        14     0.352413
        15     0.354067
        16     0.356473
        17     0.358300
        18     0.359135
        19     0.361707
        20     0.362537
        21     0.363380
        22     0.365482
        23     0.365182
        24     0.366281
        25     0.366452
        26     0.366273
        27     0.365379
        28     0.365526
        29     0.363008
        30     0.362830
        31     0.360231
        32     0.358970
        33     0.356434
        34     0.355145
        35     0.351999
        36     0.351262
        37     0.348264
        38     0.347144
        39     0.345032
        40     0.343264
        41     0.340545
        42     0.338587
        43     0.334250
        44     0.330691
        45     0.326417
        46     0.320732
        47     0.316537
        48     0.311143
        49     0.305629
        50     0.301029
        51     0.296044
# Cycle: 48, status: ACC, move: ('sh', 0.3077242484485151, 5, 5)
#     Time       Orderp
         0     0.297772
         1     0.301302
         2     0.303190
         3     0.304557
         4     0.307247
         5     0.307724
         6     0.308627
         7     0.310190
         8     0.308509
         9     0.308810
        10     0.307313
        11     0.304790
        12     0.302678
        13     0.300495
        14     0.295121
# Cycle: 49, status: ACC, move: ('tr', 0, 0, 0)
#     Time       Orderp
         0     0.295121
         1     0.300495
         2     0.302678
         3     0.304790
         4     0.307313
         5     0.308810
         6     0.308509
         7     0.310190
         8     0.308627
         9     0.307724
        10     0.307247
        11     0.304557
        12     0.303190
        13     0.301302
        14     0.297772
# Cycle: 50, status: ACC, move: ('s-', 0, 0, 0)
#     Time       Orderp
         0     0.299123
         1     0.303277
         2     0.308879
         3     0.312594
         4     0.316534
         5     0.320579
         6     0.323830
         7     0.326588
         8     0.330350
         9     0.331677
        10     0.334210
        11     0.336086
        12     0.336714
        13     0.337988
        14     0.339358
        15     0.338682
        16     0.340233
        17     0.340119
        18     0.339598
        19     0.340246
        20     0.339455
        21     0.338259
        22     0.338287
        23     0.336125
        24     0.334493
        25     0.333162
        26     0.329715
        27     0.327187
        28     0.324001
        29     0.319405
        30     0.315137
        31     0.310662
        32     0.304453
        33     0.299844
# Cycle: 51, status: ACC, move: ('s-', 0, 0, 0)
#     Time       Orderp
         0     0.295121
         1     0.300495
         2     0.302678
         3     0.304790
         4     0.307313
         5     0.308810
         6     0.308509
         7     0.310190
         8     0.308627
         9     0.307724
        10     0.307247
        11     0.304557
        12     0.303190
        13     0.301302
        14     0.297772
# Cycle: 52, status: ACC, move: ('s-', 0, 0, 0)
#     Time       Orderp
         0     0.299123
         1     0.303277
         2     0.308879
         3     0.312594
         4     0.316534
         5     0.320579
         6     0.323830
         7     0.326588
         8     0.330350
         9     0.331677
        10     0.334210
        11     0.336086
        12     0.336714
        13     0.337988
        14     0.339358
        15     0.338682
        16     0.340233
        17     0.340119
        18     0.339598
        19     0.340246
        20     0.339455
        21     0.338259
        22     0.338287
        23     0.336125
        24     0.334493
        25     0.333162
        26     0.329715
        27     0.327187
        28     0.324001
        29     0.319405
        30     0.315137
        31     0.310662
        32     0.304453
        33     0.299844
# Cycle: 53, status: ACC, move: ('s-', 0, 0, 0)
#     Time       Orderp
         0     0.295121
         1     0.300495
         2     0.302678
         3     0.304790
         4     0.307313
         5     0.308810
         6     0.308509
         7     0.310190
         8     0.308627
         9     0.307724
        10     0.307247
        11     0.304557
        12     0.303190
        13     0.301302
        14     0.297772
# Cycle: 54, status: FTL, move: ('sh', 0.30724710482944617, 10, 7)
#     Time       Orderp
         0     0.297487
         1     0.300488
         2     0.301016
         3     0.301610
         4     0.303451
         5     0.303958
         6     0.305244
         7     0.307247
         8     0.307120
         9     0.307623
        10     0.307632
        11     0.305567
        12     0.305046
        13     0.303644
        14     0.301405
# Cycle: 55, status: ACC, move: ('tr', 0, 0, 0)
#     Time       Orderp
         0     0.297772
         1     0.301302
         2     0.303190
         3     0.304557
         4     0.307247
         5     0.307724
         6     0.308627
         7     0.310190
         8     0.308509
         9     0.308810
        10     0.307313
        11     0.304790
        12     0.302678
        13     0.300495
        14     0.295121
# Cycle: 56, status: NCR, move: ('s+', 0, 0, 0)
#     Time       Orderp
         0     0.295361
         1     0.302218
         2     0.307375
         3     0.313393
         4     0.317847
         5     0.322904
         6     0.326867
         7     0.331252
         8     0.334706
         9     0.338387
        10     0.341608
        11     0.344474
        12     0.346962
        13     0.349581
        14     0.350891
        15     0.352752
        16     0.354001
        17     0.354434
        18     0.355180
        19     0.355884
        20     0.354839
        21     0.355777
        22     0.354883
        23     0.354067
        24     0.353981
        25     0.352736
        26     0.351175
        27     0.350658
        28     0.348127
        29     0.346112
        30     0.344302
        31     0.340402
        32     0.337654
        33     0.333874
        34     0.329332
        35     0.324934
        36     0.320612
        37     0.314699
        38     0.310510
        39     0.304537
        40     0.299105
# Cycle: 57, status: NCR, move: ('s+', 0, 0, 0)
#     Time       Orderp
         0     0.295361
         1     0.302218
         2     0.307375
         3     0.313393
         4     0.317847
         5     0.322904
         6     0.326867
         7     0.331252
         8     0.334706
         9     0.338387
        10     0.341608
        11     0.344474
        12     0.346962
        13     0.349581
        14     0.350891
        15     0.352752
        16     0.354001
        17     0.354434
        18     0.355180
        19     0.355884
        20     0.354839
        21     0.355777
        22     0.354883
        23     0.354067
        24     0.353981
        25     0.352736
        26     0.351175
        27     0.350658
        28     0.348127
        29     0.346112
        30     0.344302
        31     0.340402
        32     0.337654
        33     0.333874
        34     0.329332
        35     0.324934
        36     0.320612
        37     0.314699
        38     0.310510
        39     0.304537
        40     0.299105
# Cycle: 58, status: ACC, move: ('sh', 0.30455686010850674, 3, 1)
#     Time       Orderp
         0     0.299078
         1     0.304557
         2     0.311344
         3     0.316600
         4     0.321681
         5     0.327260
         6     0.331292
         7     0.334951
         8     0.339102
         9     0.341645
        10     0.344422
        11     0.348173
        12     0.349671
        13     0.353334
        14     0.355934
        15     0.358218
        16     0.360775
        17     0.363643
        18     0.364471
        19     0.367148
        20     0.368057
        21     0.368894
        22     0.369792
        23     0.370129
        24     0.369518
        25     0.370021
        26     0.368628
        27     0.368113
        28     0.367619
        29     0.365894
        30     0.365635
        31     0.364748
        32     0.363281
        33     0.362775
        34     0.361899
        35     0.359463
        36     0.359194
        37     0.356434
        38     0.354578
        39     0.352411
        40     0.350011
        41     0.346689
        42     0.344864
        43     0.340491
        44     0.337499
        45     0.333349
        46     0.328252
        47     0.323556
        48     0.318086
        49     0.311810
        50     0.306496
        51     0.300187
        52     0.292972
