         0          1          0 L M L       3 ACC ki  2.988542532e-01  3.007890721e-01       0       1  0.000000000e+00       0       0  1.000000000e+00
         1          1          0 * * *       2 BTL sh  3.007890721e-01  3.009345121e-01       0       1  3.007890721e-01       1       0  1.000000000e+00
         2          1          0 * * *       2 BTL sh  3.007890721e-01  3.026763254e-01       0       1  3.007890721e-01       1       0  1.000000000e+00
         3          1          0 * * *       2 BTL sh  3.007890721e-01  3.034416251e-01       0       1  3.007890721e-01       1       0  1.000000000e+00
         4          1          0 * M L       2 BTL sh  2.955578854e-01  3.007890721e-01       1       0  3.007890721e-01       1       0  1.000000000e+00
         5          1          0 L M L      53 NCR s+  2.961471038e-01  3.795844242e-01      52      24  3.636429350e-01      20      14  1.000000000e+00
         6          1          0 L M L      53 NCR s+  2.961471038e-01  3.795844242e-01      52      24  3.636429350e-01      20      14  1.000000000e+00
         7          2          0 L M L       3 ACC tr  2.988542532e-01  3.007890721e-01       0       1  0.000000000e+00       0       0  1.000000000e+00
         8          2          0 L M L      53 NCR s+  2.961471038e-01  3.795844242e-01       0      28  0.000000000e+00       0       0  1.000000000e+00
         9          2          0 * * *       3 BTL sh  3.003918631e-01  3.007890721e-01       2       0  3.007890721e-01       1       0  1.000000000e+00
        10          3          0 L M L       3 ACC tr  2.988542532e-01  3.007890721e-01       0       1  0.000000000e+00       0       0  1.000000000e+00
        11          3          0 * * *       2 BTL sh  3.007890721e-01  3.025452360e-01       0       1  3.007890721e-01       1       0  1.000000000e+00
        12          4          0 L M L      26 ACC s-  2.972647078e-01  3.189978828e-01      25      16  0.000000000e+00       0       0  1.000000000e+00
        13          4          0 L M L      50 NCR s+  2.960101674e-01  3.818596372e-01      49      24  0.000000000e+00       0       0  1.000000000e+00
        14          5          1 L M L      36 ACC sh  2.962945753e-01  3.308131616e-01      35      19  3.164074474e-01      13       8  1.000000000e+00
        15          6          1 L M L      36 ACC tr  2.962945753e-01  3.308131616e-01       0      16  0.000000000e+00       0       0  1.000000000e+00
        16          7          2 L M L      30 ACC sh  2.974123105e-01  3.290601358e-01      29      13  3.192182676e-01      25       6  1.000000000e+00
        17          8          3 L M L      38 ACC sh  2.992366452e-01  3.325419545e-01       0      25  3.218951907e-01      21      13  1.000000000e+00
        18          8          3 L M L      50 NCR s+  2.960101674e-01  3.818596372e-01       0      25  0.000000000e+00       0       0  1.000000000e+00
        19          8          3 L M L      50 NCR s+  2.960101674e-01  3.818596372e-01       0      25  0.000000000e+00       0       0  1.000000000e+00
        20          8          3 L M L      50 NCR s+  2.960101674e-01  3.818596372e-01       0      25  0.000000000e+00       0       0  1.000000000e+00
        21          9          4 L M L      40 ACC sh  2.976840662e-01  3.299415200e-01      39      17  3.207965294e-01      16      12  1.000000000e+00
        22         10          4 L M L      42 ACC s-  2.959462754e-01  3.392631492e-01      41      19  0.000000000e+00       0       0  1.000000000e+00
        23         11          5 L M L      39 ACC sh  2.955103872e-01  3.482598700e-01       0      19  3.295652291e-01      30       8  1.000000000e+00
        24         11          5 L M L      83 NCR s+  2.926903286e-01  4.087194960e-01       0      41  3.883064094e-01      21      20  1.000000000e+00
        25         11          5 L M L      83 NCR s+  2.926903286e-01  4.087194960e-01       0      41  3.883064094e-01      21      20  1.000000000e+00
        26         12          5 L M L      39 ACC tr  2.955103872e-01  3.482598700e-01      38      19  0.000000000e+00       0       0  1.000000000e+00
        27         13          5 L M L      39 ACC tr  2.955103872e-01  3.482598700e-01       0      19  0.000000000e+00       0       0  1.000000000e+00
        28         14          5 L M L      39 ACC tr  2.955103872e-01  3.482598700e-01      38      19  0.000000000e+00       0       0  1.000000000e+00
        29         15          6 L M L      27 ACC sh  2.983183107e-01  3.209290530e-01       0      12  3.082485708e-01       2       3  1.000000000e+00
        30         16          6 L M L      10 ACC s-  2.992003177e-01  3.049325970e-01       0       5  0.000000000e+00       0       0  1.000000000e+00
        31         16          6 * * *      17 BTL sh  3.049325970e-01  3.667889888e-01       0      16  3.049325970e-01       5       0  1.000000000e+00
        32         16          6 L M L      49 NCR s+  2.961515715e-01  3.659795221e-01       0      25  3.651193419e-01      70      24  1.000000000e+00
        33         17          7 L M L      15 ACC sh  2.983119707e-01  3.050391607e-01       0      10  3.049325970e-01       5      11  1.000000000e+00
        34         18          7 L M L      32 ACC s-  2.975742906e-01  3.329447947e-01       0      16  0.000000000e+00       0       0  1.000000000e+00
        35         19          7 L M L      15 ACC s-  2.983119707e-01  3.050391607e-01       0      10  0.000000000e+00       0       0  1.000000000e+00
        36         20          8 L M L      20 ACC sh  2.979978978e-01  3.165791157e-01       0      11  3.014575343e-01       6       2  1.000000000e+00
        37         20          8 L M L      52 NCR s+  2.960439901e-01  3.664515930e-01      51      25  3.633803720e-01      30      21  1.000000000e+00
        38         21          8 L M L      18 ACC s-  2.971936017e-01  3.138716202e-01       0       9  0.000000000e+00       0       0  1.000000000e+00
        39         21          8 L M L      52 NCR s+  2.960439901e-01  3.664515930e-01      51      25  3.633803720e-01      30      21  1.000000000e+00
        40         22          8 L M L      20 ACC s-  2.979978978e-01  3.165791157e-01       0      11  0.000000000e+00       0       0  1.000000000e+00
        41         23          8 L M L      18 ACC s-  2.971936017e-01  3.138716202e-01       0       9  0.000000000e+00       0       0  1.000000000e+00
        42         23          8 L M L      52 NCR s+  2.960439901e-01  3.664515930e-01      51      25  3.633803720e-01      30      21  1.000000000e+00
        43         24          8 L M L      20 ACC s-  2.979978978e-01  3.165791157e-01       0      11  0.000000000e+00       0       0  1.000000000e+00
        44         24          8 L M L      52 NCR s+  2.960439901e-01  3.664515930e-01      51      25  3.633803720e-01      30      21  1.000000000e+00
        45         24          8 L M L      52 NCR s+  2.960439901e-01  3.664515930e-01      51      25  3.633803720e-01      30      21  1.000000000e+00
        46         24          8 L M L      52 NCR s+  2.960439901e-01  3.664515930e-01      51      25  3.633803720e-01      30      21  1.000000000e+00
        47         24          8 L M L      52 NCR s+  2.960439901e-01  3.664515930e-01      51      25  3.633803720e-01      30      21  1.000000000e+00
        48         25          9 L M L      15 ACC sh  2.951205073e-01  3.101899170e-01      14       7  3.077242484e-01       5       5  1.000000000e+00
        49         26          9 L M L      15 ACC tr  2.951205073e-01  3.101899170e-01       0       7  0.000000000e+00       0       0  1.000000000e+00
        50         27          9 L M L      34 ACC s-  2.991234783e-01  3.402462628e-01       0      19  0.000000000e+00       0       0  1.000000000e+00
        51         28          9 L M L      15 ACC s-  2.951205073e-01  3.101899170e-01       0       7  0.000000000e+00       0       0  1.000000000e+00
        52         29          9 L M L      34 ACC s-  2.991234783e-01  3.402462628e-01       0      19  0.000000000e+00       0       0  1.000000000e+00
        53         30          9 L M L      15 ACC s-  2.951205073e-01  3.101899170e-01       0       7  0.000000000e+00       0       0  1.000000000e+00
        54         30          9 L M *      15 FTL sh  2.974871693e-01  3.076318091e-01       0      10  3.072471048e-01      10       7  1.000000000e+00
        55         31          9 L M L      15 ACC tr  2.951205073e-01  3.101899170e-01      14       7  0.000000000e+00       0       0  1.000000000e+00
        56         31          9 L M L      41 NCR s+  2.953611092e-01  3.558843299e-01       0      19  0.000000000e+00       0       0  1.000000000e+00
        57         31          9 L M L      41 NCR s+  2.953611092e-01  3.558843299e-01       0      19  0.000000000e+00       0       0  1.000000000e+00
        58         32         10 L M L      53 ACC sh  2.929721341e-01  3.701290324e-01      52      23  3.045568601e-01       3       1  1.000000000e+00
