    0     3.372280
    1     3.526660
    2     3.671090
    3     3.801700
    4     3.918160
    5     4.021300
    6     4.112230
    7     4.192070
    8     4.261780
    9     4.322190
   10     4.373980
   11     4.417700
   12     4.453810
   13     4.482660
   14     4.504530
   15     4.519620
   16     4.528070
   17     4.529950
   18     4.525290
   19     4.514030
   20     4.496090
   21     4.471280
   22     4.439390
   23     4.400100
   24     4.353020
   25     4.297640
   26     4.233380
   27     4.159470
   28     4.075050
   29     3.979070
   30     3.870420
   31     3.748010
   32     3.611370
   33     3.461900
   34     3.306370
