# Cycle: 199998, status: ACC, move: ('sh', 0.423169051, 23, 3)
#     Time      Potential        Kinetic
         0      -0.285546       0.051077            nan            nan
         1      -0.296760       0.063075            nan            nan
         2      -0.310190       0.093764            nan            nan
         3      -0.326077       0.114829            nan            nan
         4      -0.342333       0.111825            nan            nan
         5      -0.359436       0.145786            nan            nan
         6      -0.378608       0.154561            nan            nan
         7      -0.398367       0.153684            nan            nan
         8      -0.418926       0.148612            nan            nan
         9      -0.440416       0.167924            nan            nan
        10      -0.463616       0.214193            nan            nan
        11      -0.490484       0.272508            nan            nan
        12      -0.519795       0.317178            nan            nan
        13      -0.551347       0.374527            nan            nan
        14      -0.583885       0.374266            nan            nan
        15      -0.617701       0.406379            nan            nan
