     0     3.345308
     1     3.516005
     2     3.672580
     3     3.809229
     4     3.927035
     5     4.036074
     6     4.138431
     7     4.218550
     8     4.282501
     9     4.330433
    10     4.372054
    11     4.403176
    12     4.421761
    13     4.440600
    14     4.450576
    15     4.465116
    16     4.464725
    17     4.448651
    18     4.421839
    19     4.382778
    20     4.338909
    21     4.289400
    22     4.238290
    23     4.177858
    24     4.094140
    25     4.003945
    26     3.902391
    27     3.797629
    28     3.685076
    29     3.562155
    30     3.440590
