#       time      orderparam
         0      0.25356600
         1      0.33083900
         2      0.33138700
         3      0.33273700
         4      0.33073300
         5      0.33028100
         6      0.33073300
         7      0.33073300
         8      0.33273700
         9      0.33073300
        10      0.33245600
        11      0.33297600
        12      0.33028100
        13      0.33138700
        14      0.33245600
        15      0.33138700
        16      0.33138700
        17      0.33083900
        18      0.33273700
        19      0.33273700
        20      0.33083900
        21      0.33273700
        22      0.33273700
        23      0.33028100
        24      0.33245600
        25      0.33273700
        26      0.25356600
