# Cycle: 87, status: ACC, move: ('wf', 9000, 2, 32)
#     Time      Potential        Kinetic
         0     -24.833376      22.005056            nan            nan
         1     -24.425097      21.598309            nan            nan
         2     -22.476353      19.650501            nan            nan
         3     -20.180561      17.355091            nan            nan
         4     -18.044687      15.219320            nan            nan
         5     -16.217325      13.391942            nan            nan
         6     -14.706509      11.881056            nan            nan
         7     -13.475585      10.650138            nan            nan
         8     -12.480076       9.654626            nan            nan
         9     -11.679563       8.854069            nan            nan
        10     -11.040792       8.215263            nan            nan
        11     -10.537661       7.712153            nan            nan
        12     -10.150326       7.324867            nan            nan
        13      -9.864105       7.038642            nan            nan
        14      -9.668388       6.842921            nan            nan
        15      -9.556141       6.730689            nan            nan
        16      -9.523456       6.697992            nan            nan
        17      -9.569080       6.743690            nan            nan
        18      -9.694746       6.869376            nan            nan
        19      -9.904836       7.079486            nan            nan
        20     -10.206959       7.381590            nan            nan
        21     -10.612207       7.786877            nan            nan
        22     -11.136197       8.310882            nan            nan
        23     -11.799722       8.974428            nan            nan
        24     -12.629974       9.804698            nan            nan
        25     -13.661453      10.836134            nan            nan
        26     -14.935461      12.110211            nan            nan
        27     -16.496630      13.671410            nan            nan
        28     -18.377708      15.552406            nan            nan
        29     -20.556240      17.730892            nan            nan
        30     -22.843977      20.018139            nan            nan
        31     -24.642792      21.815887            nan            nan
