# Cycle: 199989, status: ACC, move: ('sh', -0.784884785, 45, 29)
#     Time      Potential        Kinetic
         0      -0.999939       0.086679            nan            nan
         1      -0.999155       0.094542            nan            nan
         2      -0.997477       0.097086            nan            nan
         3      -0.994932       0.101857            nan            nan
         4      -0.991402       0.110459            nan            nan
         5      -0.986870       0.105524            nan            nan
         6      -0.981351       0.101325            nan            nan
         7      -0.975138       0.101066            nan            nan
         8      -0.968193       0.102307            nan            nan
         9      -0.960839       0.088750            nan            nan
        10      -0.953561       0.070818            nan            nan
        11      -0.946866       0.053660            nan            nan
        12      -0.940250       0.042352            nan            nan
        13      -0.933553       0.054745            nan            nan
        14      -0.925420       0.059885            nan            nan
        15      -0.917347       0.049189            nan            nan
        16      -0.909473       0.049709            nan            nan
        17      -0.900946       0.055495            nan            nan
        18      -0.891652       0.069110            nan            nan
        19      -0.882919       0.041667            nan            nan
        20      -0.874844       0.032126            nan            nan
        21      -0.867753       0.028991            nan            nan
        22      -0.860627       0.021570            nan            nan
        23      -0.855018       0.013024            nan            nan
        24      -0.851232       0.003353            nan            nan
        25      -0.849212       0.000713            nan            nan
        26      -0.849201       0.000117            nan            nan
        27      -0.849993       0.000645            nan            nan
        28      -0.850526       0.000581            nan            nan
        29      -0.852578       0.007525            nan            nan
        30      -0.856623       0.007624            nan            nan
        31      -0.860839       0.012092            nan            nan
        32      -0.865319       0.007737            nan            nan
        33      -0.869067       0.012454            nan            nan
        34      -0.875302       0.033848            nan            nan
        35      -0.882344       0.036388            nan            nan
        36      -0.890360       0.051551            nan            nan
        37      -0.898715       0.046995            nan            nan
        38      -0.907294       0.063185            nan            nan
        39      -0.917073       0.091667            nan            nan
        40      -0.926796       0.080197            nan            nan
        41      -0.936001       0.081550            nan            nan
        42      -0.945345       0.100708            nan            nan
        43      -0.954624       0.124727            nan            nan
        44      -0.964349       0.145966            nan            nan
        45      -0.973656       0.175778            nan            nan
        46      -0.981808       0.173543            nan            nan
        47      -0.988610       0.167158            nan            nan
        48      -0.993764       0.162599            nan            nan
        49      -0.997408       0.168402            nan            nan
        50      -0.999552       0.195844            nan            nan
        51      -0.999917       0.181031            nan            nan
