# Cycle: 199989, status: ACC, move: ('sh', -0.784884785, 45, 29)
#     Time       Orderp
         0    -0.996097
         1    -0.985359
         2    -0.974564
         3    -0.963748
         4    -0.952510
         5    -0.940964
         6    -0.929213
         7    -0.917781
         8    -0.906451
         9    -0.895605
        10    -0.885721
        11    -0.877206
        12    -0.869231
        13    -0.861526
        14    -0.852588
        15    -0.844100
        16    -0.836136
        17    -0.827812
        18    -0.819047
        19    -0.811066
        20    -0.803882
        21    -0.797711
        22    -0.791627
        23    -0.786915
        24    -0.783770
        25    -0.782104
        26    -0.782094
        27    -0.782747
        28    -0.783186
        29    -0.784885
        30    -0.788257
        31    -0.791806
        32    -0.795620
        33    -0.798845
        34    -0.804285
        35    -0.810549
        36    -0.817851
        37    -0.825680
        38    -0.833980
        39    -0.843818
        40    -0.854071
        41    -0.864303
        42    -0.875337
        43    -0.887122
        44    -0.900658
        45    -0.915254
        46    -0.930120
        47    -0.945134
        48    -0.959704
        49    -0.974212
        50    -0.989366
        51    -1.004542
