    0     3.326820
    1     3.458750
    2     3.587590
    3     3.706780
    4     3.814270
    5     3.909880
    6     3.994160
    7     4.067890
    8     4.131840
    9     4.186700
   10     4.233060
   11     4.271440
   12     4.302240
   13     4.325750
   14     4.342230
   15     4.351830
   16     4.354650
   17     4.350720
   18     4.339990
   19     4.322360
   20     4.297660
   21     4.265650
   22     4.225980
   23     4.178240
   24     4.121930
   25     4.056410
   26     3.980990
   27     3.894890
   28     3.797340
   29     3.687880
   30     3.566870
   31     3.436900
