# Cycle: 199999, status: ACC, move: ('sh', -0.692452269, 6, 12)
#     Time      Potential        Kinetic
         0      -0.885311       0.156912            nan            nan
         1      -0.869948       0.144328            nan            nan
         2      -0.855107       0.123172            nan            nan
         3      -0.839682       0.125680            nan            nan
         4      -0.824191       0.119578            nan            nan
         5      -0.808540       0.116735            nan            nan
         6      -0.792765       0.100690            nan            nan
         7      -0.778032       0.075524            nan            nan
         8      -0.766400       0.047015            nan            nan
         9      -0.755421       0.048199            nan            nan
        10      -0.745612       0.032018            nan            nan
        11      -0.737077       0.028634            nan            nan
        12      -0.729069       0.017945            nan            nan
        13      -0.722194       0.017915            nan            nan
        14      -0.715511       0.016050            nan            nan
        15      -0.709696       0.011196            nan            nan
        16      -0.704749       0.006806            nan            nan
        17      -0.701059       0.003805            nan            nan
        18      -0.698087       0.001910            nan            nan
        19      -0.696885       0.000001            nan            nan
        20      -0.696895       0.000228            nan            nan
        21      -0.697869       0.001208            nan            nan
        22      -0.700382       0.002837            nan            nan
        23      -0.703364       0.003415            nan            nan
        24      -0.707926       0.013311            nan            nan
        25      -0.713981       0.012257            nan            nan
        26      -0.718875       0.007886            nan            nan
        27      -0.724014       0.015946            nan            nan
        28      -0.730542       0.013532            nan            nan
        29      -0.736943       0.025800            nan            nan
        30      -0.744928       0.026115            nan            nan
        31      -0.754061       0.045166            nan            nan
        32      -0.765184       0.064021            nan            nan
        33      -0.778551       0.094063            nan            nan
        34      -0.793646       0.109568            nan            nan
        35      -0.809394       0.112707            nan            nan
        36      -0.824273       0.092787            nan            nan
        37      -0.839000       0.116341            nan            nan
        38      -0.854114       0.137238            nan            nan
        39      -0.870290       0.170882            nan            nan
        40      -0.888110       0.226655            nan            nan
