# Cycle: 199999, status: ACC, move: ('sh', -0.692452269, 6, 12)
#     Time       Orderp
         0    -0.813230
         1    -0.799608
         2    -0.786989
         3    -0.774340
         4    -0.762039
         5    -0.749959
         6    -0.738085
         7    -0.727231
         8    -0.718803
         9    -0.710950
        10    -0.704011
        11    -0.698025
        12    -0.692452
        13    -0.687697
        14    -0.683099
        15    -0.679118
        16    -0.675744
        17    -0.673235
        18    -0.671218
        19    -0.670404
        20    -0.670411
        21    -0.671070
        22    -0.672775
        23    -0.674801
        24    -0.677910
        25    -0.682051
        26    -0.685411
        27    -0.688953
        28    -0.693474
        29    -0.697932
        30    -0.703529
        31    -0.709984
        32    -0.717929
        33    -0.727610
        34    -0.738741
        35    -0.750610
        36    -0.762103
        37    -0.773791
        38    -0.786161
        39    -0.799904
        40    -0.815782
