# 
3 1674033090.94797 1674033091.15386 1
7 1674033090.83541 1674033091.21398 0
2 1674033090.95939 1674033091.22794 2
0 1674033091.21398 1674033091.33932 0
1 1674033091.21398 1674033091.33932 0
5 1674033091.15386 1674033091.38221 1
3 1674033091.22794 1674033091.40922 2
6 1674033091.33932 1674033091.51407 0
5 1674033091.38221 1674033091.54018 1
7 1674033091.40922 1674033091.58050 2
0 1674033091.54018 1674033091.60014 1
3 1674033091.51407 1674033091.65115 0
2 1674033091.60014 1674033091.74102 1
4 1674033091.58050 1674033091.75507 2
6 1674033091.65115 1674033091.82190 0
4 1674033091.75507 1674033091.91737 2
2 1674033091.82190 1674033091.94050 0
1 1674033091.94050 1674033091.97954 0
7 1674033091.74102 1674033092.01862 1
0 1674033091.97954 1674033092.03601 0
1 1674033091.97954 1674033092.03601 0
6 1674033091.91737 1674033092.06420 2
0 1674033092.06420 1674033092.09542 2
4 1674033092.01862 1674033092.13404 1
0 1674033092.09542 1674033092.16487 2
1 1674033092.09542 1674033092.16487 2
2 1674033092.03601 1674033092.18055 0
0 1674033092.16487 1674033092.21200 2
1 1674033092.16487 1674033092.21200 2
5 1674033092.18055 1674033092.29555 0
4 1674033092.21200 1674033092.34013 2
1 1674033092.34013 1674033092.36568 2
7 1674033092.13404 1674033092.38310 1
0 1674033092.36568 1674033092.42748 2
1 1674033092.36568 1674033092.42748 2
5 1674033092.29555 1674033092.44496 0
7 1674033092.38310 1674033092.54121 1
3 1674033092.42748 1674033092.57412 2
1 1674033092.54121 1674033092.59163 1
6 1674033092.44496 1674033092.65906 0
5 1674033092.59163 1674033092.72850 1
1 1674033092.72850 1674033092.79162 1
6 1674033092.65906 1674033092.80096 0
4 1674033092.79162 1674033092.90017 1
7 1674033092.57412 1674033092.91020 2
5 1674033092.80096 1674033092.99052 0
1 1674033092.91020 1674033093.02250 2
2 1674033092.90017 1674033093.03452 1
0 1674033093.02250 1674033093.06117 2
5 1674033092.99052 1674033093.14543 0
4 1674033093.03452 1674033093.17515 1
1 1674033093.17515 1674033093.21398 1
0 1674033093.21398 1674033093.24776 1
6 1674033093.14543 1674033093.30114 0
7 1674033093.06117 1674033093.32832 2
4 1674033093.24776 1674033093.36222 1
1 1674033093.36222 1674033093.40563 1
3 1674033093.30114 1674033093.44626 0
1 1674033093.44626 1674033093.47617 0
5 1674033093.40563 1674033093.50528 1
0 1674033093.50528 1674033093.55454 1
1 1674033093.50528 1674033093.55454 1
7 1674033093.32832 1674033093.58433 2
2 1674033093.47617 1674033093.62081 0
0 1674033093.62081 1674033093.66595 0
1 1674033093.62081 1674033093.66595 0
3 1674033093.55454 1674033093.70029 1
6 1674033093.58433 1674033093.74051 2
2 1674033093.66595 1674033093.78274 0
4 1674033093.74051 1674033093.86412 2
2 1674033093.78274 1674033093.89753 0
7 1674033093.70029 1674033093.96044 1
3 1674033093.89753 1674033094.03108 0
5 1674033093.86412 1674033094.04179 2
6 1674033093.96044 1674033094.11259 1
0 1674033094.11259 1674033094.15714 1
1 1674033094.11259 1674033094.15714 1
3 1674033094.03108 1674033094.16682 0
0 1674033094.15714 1674033094.18881 1
0 1674033094.18881 1674033094.24143 1
1 1674033094.18881 1674033094.24143 1
0 1674033094.24143 1674033094.27512 1
7 1674033094.04179 1674033094.31454 2
1 1674033094.27512 1674033094.33100 1
1 1674033094.33100 1674033094.38243 1
6 1674033094.16682 1674033094.39161 0
1 1674033094.39161 1674033094.44048 0
0 1674033094.44048 1674033094.49053 0
1 1674033094.44048 1674033094.49053 0
3 1674033094.38243 1674033094.58164 1
7 1674033094.31454 1674033094.60428 2
0 1674033094.58164 1674033094.63796 1
6 1674033094.49053 1674033094.65329 0
0 1674033094.63796 1674033094.69266 1
1 1674033094.63796 1674033094.69266 1
5 1674033094.60428 1674033094.73255 2
2 1674033094.65329 1674033094.79818 0
3 1674033094.69266 1674033094.84461 1
0 1674033094.73255 1674033094.86625 2
1 1674033094.73255 1674033094.86625 2
3 1674033094.84461 1674033094.95651 1
2 1674033094.86625 1674033095.00881 2
0 1674033094.95651 1674033095.02180 1
7 1674033094.79818 1674033095.08895 0
0 1674033095.08895 1674033095.14697 0
1 1674033095.08895 1674033095.14697 0
3 1674033095.00881 1674033095.16683 2
0 1674033095.16683 1674033095.22396 2
1 1674033095.16683 1674033095.22396 2
0 1674033095.22396 1674033095.26291 2
5 1674033095.14697 1674033095.32767 0
0 1674033095.26291 1674033095.35793 2
1 1674033095.26291 1674033095.35793 2
6 1674033095.02180 1674033095.36929 1
5 1674033095.35793 1674033095.48656 2
4 1674033095.36929 1674033095.49963 1
7 1674033095.32767 1674033095.59490 0
3 1674033095.49963 1674033095.61289 1
6 1674033095.48656 1674033095.65416 2
0 1674033095.61289 1674033095.67152 1
0 1674033095.67152 1674033095.71811 1
1 1674033095.67152 1674033095.71811 1
3 1674033095.65416 1674033095.76211 2
4 1674033095.76211 1674033095.86121 2
7 1674033095.59490 1674033095.88133 0
1 1674033095.86121 1674033095.91040 2
0 1674033095.91040 1674033095.95354 2
6 1674033095.71811 1674033095.97436 1
4 1674033095.88133 1674033096.04267 0
3 1674033095.97436 1674033096.10272 1
5 1674033095.95354 1674033096.18766 2
4 1674033096.10272 1674033096.20411 1
6 1674033096.04267 1674033096.31252 0
0 1674033096.20411 1674033096.35127 1
1 1674033096.20411 1674033096.35127 1
2 1674033096.18766 1674033096.36183 2
3 1674033096.31252 1674033096.46766 0
4 1674033096.35127 1674033096.48860 1
2 1674033096.36183 1674033096.50157 2
5 1674033096.48860 1674033096.59264 1
4 1674033096.50157 1674033096.61561 2
0 1674033096.61561 1674033096.66129 2
1 1674033096.61561 1674033096.66129 2
6 1674033096.46766 1674033096.68307 0
5 1674033096.59264 1674033096.75184 1
0 1674033096.68307 1674033096.77063 0
1 1674033096.68307 1674033096.77063 0
2 1674033096.66129 1674033096.84262 2
1 1674033096.84262 1674033096.88494 2
3 1674033096.77063 1674033096.90510 0
2 1674033096.90510 1674033097.01693 0
5 1674033096.88494 1674033097.04104 2
7 1674033096.75184 1674033097.06120 1
3 1674033097.01693 1674033097.13433 0
4 1674033097.04104 1674033097.17679 2
2 1674033097.06120 1674033097.20119 1
5 1674033097.13433 1674033097.27669 0
7 1674033097.17679 1674033097.38630 2
2 1674033097.27669 1674033097.44682 0
6 1674033097.20119 1674033097.47714 1
4 1674033097.47714 1674033097.58141 1
7 1674033097.38630 1674033097.61559 2
5 1674033097.44682 1674033097.63275 0
0 1674033097.63275 1674033097.69098 0
1 1674033097.63275 1674033097.69098 0
3 1674033097.58141 1674033097.74134 1
0 1674033097.69098 1674033097.76133 0
1 1674033097.69098 1674033097.76133 0
6 1674033097.61559 1674033097.87099 2
2 1674033097.74134 1674033097.88611 1
5 1674033097.76133 1674033097.90747 0
0 1674033097.87099 1674033097.92672 2
4 1674033097.88611 1674033098.02346 1
3 1674033097.90747 1674033098.06684 0
6 1674033097.92672 1674033098.19793 2
4 1674033098.02346 1674033098.21378 1
5 1674033098.06684 1674033098.23783 0
0 1674033098.21378 1674033098.28724 1
1 1674033098.21378 1674033098.28724 1
0 1674033098.28724 1674033098.34251 1
1 1674033098.28724 1674033098.34251 1
2 1674033098.23783 1674033098.37433 0
6 1674033098.19793 1674033098.41252 2
3 1674033098.34251 1674033098.50637 1
5 1674033098.37433 1674033098.51947 0
4 1674033098.41252 1674033098.57160 2
6 1674033098.50637 1674033098.63202 1
3 1674033098.57160 1674033098.69601 2
7 1674033098.51947 1674033098.71386 0
6 1674033098.63202 1674033098.75243 1
4 1674033098.69601 1674033098.84291 2
3 1674033098.71386 1674033098.85843 0
0 1674033098.84291 1674033098.89730 2
1 1674033098.84291 1674033098.89730 2
4 1674033098.85843 1674033098.99643 0
3 1674033098.89730 1674033099.04114 2
1 1674033098.99643 1674033099.05435 0
7 1674033098.75243 1674033099.12105 1
3 1674033099.04114 1674033099.16995 2
1 1674033099.16995 1674033099.20550 2
2 1674033099.05435 1674033099.23415 0
5 1674033099.12105 1674033099.26728 1
0 1674033099.20550 1674033099.28755 2
1 1674033099.20550 1674033099.28755 2
5 1674033099.26728 1674033099.40573 1
6 1674033099.28755 1674033099.42391 2
7 1674033099.23415 1674033099.49314 0
3 1674033099.40573 1674033099.51605 1
0 1674033099.49314 1674033099.54816 0
1 1674033099.49314 1674033099.54816 0
4 1674033099.42391 1674033099.58064 2
1 1674033099.54816 1674033099.60062 0
5 1674033099.51605 1674033099.64327 1
2 1674033099.60062 1674033099.75525 0
4 1674033099.64327 1674033099.76528 1
7 1674033099.58064 1674033099.87465 2
5 1674033099.76528 1674033099.89089 1
2 1674033099.75525 1674033099.91320 0
0 1674033099.91320 1674033100.02531 0
1 1674033099.91320 1674033100.02531 0
3 1674033099.89089 1674033100.06228 1
4 1674033099.87465 1674033100.07726 2
6 1674033100.02531 1674033100.19342 0
3 1674033100.07726 1674033100.21424 2
0 1674033100.19342 1674033100.24866 0
7 1674033100.06228 1674033100.35845 1
