    0     3.271530
    1     3.459470
    2     3.641580
    3     3.810090
    4     3.964210
    5     4.105230
    6     4.234800
    7     4.354510
    8     4.465730
    9     4.569600
   10     4.667060
   11     4.758920
   12     4.845820
   13     4.928340
   14     5.006920
   15     5.081970
   16     5.153840
   17     5.222830
   18     5.289190
   19     5.353150
   20     5.414900
   21     5.474630
   22     5.532500
   23     5.588640
   24     5.643170
   25     5.696210
   26     5.747860
   27     5.798220
   28     5.847360
   29     5.895370
   30     5.942310
   31     5.988260
   32     6.033260
   33     6.077370
   34     6.120650
   35     6.163130
   36     6.204870
   37     6.245890
   38     6.286250
   39     6.325970
   40     6.365100
   41     6.403640
   42     6.441650
   43     6.479130
   44     6.516120
   45     6.552640
   46     6.588720
   47     6.624370
   48     6.659620
   49     6.694480
   50     6.728960
   51     6.763100
   52     6.796900
   53     6.830380
   54     6.863550
   55     6.896430
   56     6.929030
   57     6.961350
   58     6.993420
   59     7.025240
   60     7.056830
   61     7.088190
   62     7.119340
   63     7.150280
   64     7.181020
   65     7.211570
   66     7.241940
   67     7.272150
   68     7.302180
   69     7.332060
   70     7.361780
   71     7.391360
   72     7.420800
   73     7.450100
   74     7.479280
   75     7.508340
   76     7.537280
   77     7.566120
   78     7.594830
   79     7.623460
   80     7.651980
   81     7.680420
   82     7.708770
   83     7.737030
   84     7.765210
   85     7.793320
   86     7.821350
   87     7.849320
   88     7.877220
   89     7.905060
   90     7.932840
   91     7.960560
   92     7.988220
   93     8.015840
   94     8.043420
   95     8.070940
   96     8.098430
   97     8.125870
   98     8.153280
   99     8.180650
  100     8.207990
  101     8.235300
  102     8.262580
  103     8.289830
  104     8.317060
  105     8.344270
  106     8.371460
  107     8.398630
  108     8.425780
  109     8.452920
  110     8.480030
  111     8.507140
  112     8.534240
  113     8.561330
  114     8.588400
  115     8.615480
  116     8.642540
  117     8.669600
  118     8.696660
  119     8.723710
  120     8.750770
  121     8.777820
  122     8.804880
  123     8.831940
  124     8.859000
  125     8.886060
  126     8.913130
  127     8.940210
  128     8.967300
  129     8.994390
  130     9.021490
  131     9.048600
  132     9.075720
  133     9.102850
  134     9.130000
  135     9.157150
  136     9.184320
  137     9.211500
  138     9.238700
  139     9.265910
  140     9.293130
  141     9.320370
  142     9.347630
  143     9.374910
  144     9.402200
  145     9.429510
  146     9.456840
  147     9.484190
  148     9.511560
  149     9.538940
  150     9.566350
  151     9.593780
  152     9.621230
  153     9.648690
  154     9.676190
  155     9.703700
  156     9.731230
  157     9.758790
  158     9.786370
  159     9.813970
  160     9.841590
  161     9.869240
  162     9.896910
  163     9.924610
  164     9.952330
  165     9.980070
  166    10.007840
  167    10.035630
  168    10.063450
  169    10.091290
  170    10.119160
  171    10.147050
  172    10.174970
  173    10.202910
  174    10.230880
  175    10.258880
  176    10.286900
  177    10.314940
  178    10.343020
  179    10.371110
  180    10.399240
  181    10.427390
  182    10.455560
  183    10.483770
  184    10.512000
  185    10.540250
  186    10.568530
  187    10.596850
  188    10.625180
  189    10.653540
  190    10.681940
  191    10.710350
  192    10.738790
  193    10.767270
  194    10.795760
  195    10.824280
  196    10.852840
  197    10.881410
  198    10.910010
  199    10.938640
  200    10.967310
  201    10.995990
  202    11.024690
  203    11.053430
  204    11.082200
  205    11.110990
  206    11.139800
  207    11.168640
  208    11.197510
  209    11.226410
  210    11.255330
  211    11.284280
  212    11.313250
  213    11.342260
  214    11.371280
  215    11.400340
  216    11.429420
  217    11.458530
  218    11.487660
  219    11.516810
  220    11.546000
  221    11.575210
  222    11.604450
  223    11.633710
  224    11.662990
  225    11.692300
  226    11.721640
  227    11.751000
  228    11.780390
  229    11.809800
  230    11.839240
  231    11.868700
  232    11.898180
  233    11.927700
  234    11.957240
  235    11.986800
  236    12.016400
