# Cycle: 199936, status: ACC, move: ('sh', 0.154878683, 8, 11)
#     Time      Potential        Kinetic
         0      -0.176896       0.227332            nan            nan
         1      -0.158723       0.230147            nan            nan
         2      -0.142095       0.185960            nan            nan
         3      -0.127157       0.168384            nan            nan
         4      -0.114665       0.131681            nan            nan
         5      -0.103572       0.116971            nan            nan
         6      -0.092853       0.142150            nan            nan
         7      -0.081813       0.148560            nan            nan
         8      -0.071905       0.136595            nan            nan
         9      -0.062987       0.127495            nan            nan
        10      -0.054842       0.114651            nan            nan
        11      -0.047399       0.120551            nan            nan
        12      -0.040665       0.102219            nan            nan
        13      -0.034604       0.098125            nan            nan
        14      -0.029054       0.097825            nan            nan
        15      -0.023909       0.106774            nan            nan
        16      -0.019164       0.117688            nan            nan
        17      -0.014656       0.126733            nan            nan
        18      -0.010906       0.116669            nan            nan
        19      -0.007513       0.146224            nan            nan
        20      -0.004447       0.175311            nan            nan
        21      -0.002136       0.167476            nan            nan
        22      -0.000589       0.210851            nan            nan
        23      -0.000000       0.238300            nan            nan
        24      -0.000644       0.272524            nan            nan
        25      -0.002638       0.280626            nan            nan
        26      -0.006008       0.272417            nan            nan
        27      -0.010911       0.291330            nan            nan
        28      -0.017389       0.320207            nan            nan
        29      -0.025435       0.308093            nan            nan
        30      -0.035475       0.340729            nan            nan
        31      -0.046779       0.314402            nan            nan
        32      -0.059932       0.347940            nan            nan
        33      -0.075216       0.392570            nan            nan
        34      -0.092567       0.401704            nan            nan
        35      -0.111349       0.379955            nan            nan
        36      -0.132217       0.431503            nan            nan
        37      -0.156075       0.440771            nan            nan
        38      -0.182225       0.444298            nan            nan
