# Cycle: 199936, status: ACC, move: ('sh', 0.154878683, 8, 11)
#     Time       Orderp
         0     0.304547
         1     0.287730
         2     0.271604
         3     0.256396
         4     0.243058
         5     0.230654
         6     0.218076
         7     0.204400
         8     0.191372
         9     0.178902
        10     0.166757
        11     0.154879
        12     0.143330
        13     0.132115
        14     0.120971
        15     0.109667
        16     0.098124
        17     0.085763
        18     0.073945
        19     0.061346
        20     0.047180
        21     0.032691
        22     0.017160
        23     0.000088
        24    -0.017944
        25    -0.036332
        26    -0.054851
        27    -0.073963
        28    -0.093448
        29    -0.113136
        30    -0.133781
        31    -0.153849
        32    -0.174438
        33    -0.195813
        34    -0.217732
        35    -0.239410
        36    -0.261632
        37    -0.285212
        38    -0.309339
