# Preparing propagation with AMS engine
# Trajectory label: 2_trajF
# Initial file: /home/konrad/AMS_test/pyretis_test/water_dimer/003/generate/2_conf.rkf
# Initial config: /home/konrad/AMS_test/pyretis_test/water_dimer/003/generate/2_conf.rkf
# Interfaces: (0.3, 0.4, 0.5)
# Initial order parameter: 0.38431424584144935
0 0.38431424584144935
1 0.38538328144986117
2 0.38776187577010124
3 0.38816465100860537
4 0.3902373698416491
5 0.3912637549102865
6 0.39234650159475826
7 0.3935302363054652
8 0.3950115679489475
9 0.39452532912437543
10 0.3961063696562736
11 0.39560366985862866
12 0.39504901572547346
13 0.3960940053010219
14 0.39510292648312584
15 0.3953377672378236
16 0.3962659526256191
17 0.3961806044840257
18 0.39643245853836884
19 0.39831888590909825
20 0.39726116481300483
21 0.39846608081579443
22 0.39802259672243556
23 0.3970287668347388
24 0.3959514431902102
25 0.39472834886829994
26 0.3921515056700461
27 0.3910795143189689
28 0.38882701472809295
29 0.38690588597893544
30 0.3858716407523306
31 0.3839546797434518
32 0.383166106298399
33 0.3820657851999148
34 0.381357701657658
35 0.3804630580822349
36 0.3794581456894441
37 0.3782500682170144
38 0.3767391228367516
39 0.3743248554971711
40 0.3721811276931501
41 0.36919955147177747
42 0.3658367327582475
43 0.3623241193714642
44 0.3590058322609343
45 0.35509533433596957
46 0.35114468003027177
47 0.3483867273861365
48 0.3436575013522652
49 0.33989308062341284
50 0.33621568282438097
51 0.33097840874600143
52 0.3264935821239045
53 0.32202774569791304
54 0.3159813698323267
55 0.3106192338570408
56 0.3047092394955479
57 0.2974821789657988
# Propagation done.
