# Cycle: 199968, status: ACC, move: ('sh', -0.348883404, 6, 43)
#     Time      Potential        Kinetic
         0      -0.302251       0.105785            nan            nan
         1      -0.286466       0.095700            nan            nan
         2      -0.273491       0.067057            nan            nan
         3      -0.261919       0.062673            nan            nan
         4      -0.251235       0.055135            nan            nan
         5      -0.240968       0.054109            nan            nan
         6      -0.231800       0.041546            nan            nan
         7      -0.223197       0.029965            nan            nan
         8      -0.215549       0.032586            nan            nan
         9      -0.208586       0.025046            nan            nan
        10      -0.203260       0.009390            nan            nan
        11      -0.198892       0.007353            nan            nan
        12      -0.195570       0.005571            nan            nan
        13      -0.191802       0.005724            nan            nan
        14      -0.187954       0.010853            nan            nan
        15      -0.183816       0.013535            nan            nan
        16      -0.179182       0.015349            nan            nan
        17      -0.174811       0.012437            nan            nan
        18      -0.170640       0.009577            nan            nan
        19      -0.167351       0.008053            nan            nan
        20      -0.164818       0.001304            nan            nan
        21      -0.163783       0.000342            nan            nan
        22      -0.163736       0.000005            nan            nan
        23      -0.163723       0.000118            nan            nan
        24      -0.163595       0.000018            nan            nan
        25      -0.163966       0.000588            nan            nan
        26      -0.165286       0.001361            nan            nan
        27      -0.166283       0.000032            nan            nan
        28      -0.165777       0.000164            nan            nan
        29      -0.164748       0.001560            nan            nan
        30      -0.163728       0.000120            nan            nan
        31      -0.163211       0.000317            nan            nan
        32      -0.162872       0.000037            nan            nan
        33      -0.164421       0.002790            nan            nan
        34      -0.166392       0.004332            nan            nan
        35      -0.169010       0.009183            nan            nan
        36      -0.173186       0.015748            nan            nan
        37      -0.178861       0.021844            nan            nan
        38      -0.184922       0.029091            nan            nan
        39      -0.191131       0.026189            nan            nan
        40      -0.198733       0.045274            nan            nan
        41      -0.207981       0.054342            nan            nan
        42      -0.217713       0.054337            nan            nan
        43      -0.228624       0.072880            nan            nan
        44      -0.241530       0.105836            nan            nan
        45      -0.256108       0.113119            nan            nan
        46      -0.272105       0.140398            nan            nan
        47      -0.289300       0.151696            nan            nan
        48      -0.307800       0.157616            nan            nan
