# Cycle: 199993, status: ACC, move: ('sh', -0.576697412, 26, 19)
#     Time      Potential        Kinetic
         0      -0.756993       0.244189            nan            nan
         1      -0.733986       0.185758            nan            nan
         2      -0.712732       0.138952            nan            nan
         3      -0.694191       0.128082            nan            nan
         4      -0.675759       0.122992            nan            nan
         5      -0.657918       0.113345            nan            nan
         6      -0.640568       0.099638            nan            nan
         7      -0.623291       0.108451            nan            nan
         8      -0.606198       0.089727            nan            nan
         9      -0.590530       0.076845            nan            nan
        10      -0.575620       0.067725            nan            nan
        11      -0.563403       0.033494            nan            nan
        12      -0.553475       0.030940            nan            nan
        13      -0.546269       0.006767            nan            nan
        14      -0.541795       0.006080            nan            nan
        15      -0.539260       0.000076            nan            nan
        16      -0.539378       0.000729            nan            nan
        17      -0.542902       0.006686            nan            nan
        18      -0.548253       0.010876            nan            nan
        19      -0.554550       0.020592            nan            nan
        20      -0.562193       0.020046            nan            nan
        21      -0.570797       0.032357            nan            nan
        22      -0.580296       0.038339            nan            nan
        23      -0.591384       0.043428            nan            nan
        24      -0.602863       0.047471            nan            nan
        25      -0.615490       0.064736            nan            nan
        26      -0.630061       0.077295            nan            nan
        27      -0.644798       0.081445            nan            nan
        28      -0.660931       0.101134            nan            nan
        29      -0.678956       0.105996            nan            nan
        30      -0.696530       0.131870            nan            nan
        31      -0.716249       0.167959            nan            nan
        32      -0.736874       0.156899            nan            nan
        33      -0.757719       0.197070            nan            nan
