# Cycle: 94, status: ACC, move: ('wf', 9000, 2, 35)
#     Time      Potential        Kinetic
         0     -24.973703      19.632881            nan            nan
         1     -23.509497      18.170876            nan            nan
         2     -20.888052      15.550320            nan            nan
         3     -18.291689      12.954190            nan            nan
         4     -16.064215      10.726744            nan            nan
         5     -14.243226       8.905717            nan            nan
         6     -12.778114       7.440507            nan            nan
         7     -11.603707       6.266044            nan            nan
         8     -10.662140       5.324399            nan            nan
         9      -9.906884       4.569128            nan            nan
        10      -9.302258       3.964446            nan            nan
        11      -8.821074       3.483258            nan            nan
        12      -8.443084       3.105252            nan            nan
        13      -8.153204       2.815345            nan            nan
        14      -7.940422       2.602547            nan            nan
        15      -7.796998       2.459116            nan            nan
        16      -7.717892       2.380004            nan            nan
        17      -7.700387       2.362479            nan            nan
        18      -7.743844       2.405943            nan            nan
        19      -7.849792       2.511886            nan            nan
        20      -8.021871       2.683991            nan            nan
        21      -8.266273       2.928395            nan            nan
        22      -8.591998       3.254133            nan            nan
        23      -9.011647       3.673816            nan            nan
        24      -9.542341       4.204579            nan            nan
        25     -10.207189       4.869400            nan            nan
        26     -11.036589       5.698821            nan            nan
        27     -12.070681       6.732925            nan            nan
        28     -13.360791       8.023097            nan            nan
        29     -14.969045       9.631402            nan            nan
        30     -16.958801      11.621216            nan            nan
        31     -19.357677      14.019997            nan            nan
        32     -22.038563      16.700405            nan            nan
        33     -24.390125      19.050682            nan            nan
        34     -24.639446      19.297222            nan            nan
