# Cycle: 94, status: ACC, move: ('wf', 9000, 2, 35)
#     Time       Orderp
         0     0.337228
         1     0.352666
         2     0.367109
         3     0.380170
         4     0.391816
         5     0.402130
         6     0.411223
         7     0.419207
         8     0.426178
         9     0.432219
        10     0.437398
        11     0.441770
        12     0.445381
        13     0.448266
        14     0.450453
        15     0.451962
        16     0.452807
        17     0.452995
        18     0.452529
        19     0.451403
        20     0.449609
        21     0.447128
        22     0.443939
        23     0.440010
        24     0.435302
        25     0.429764
        26     0.423338
        27     0.415947
        28     0.407505
        29     0.397907
        30     0.387042
        31     0.374801
        32     0.361137
        33     0.346190
        34     0.330637
