# Cycle: 199994, status: ACC, move: None
#     Time      Potential        Kinetic
         0      -0.999462       0.294317            nan            nan
         1      -0.999815       0.269284            nan            nan
         2      -0.997372       0.283698            nan            nan
         3      -0.991933       0.261944            nan            nan
         4      -0.983705       0.234756            nan            nan
         5      -0.973521       0.204427            nan            nan
         6      -0.961588       0.179687            nan            nan
         7      -0.947137       0.188986            nan            nan
         8      -0.930648       0.185816            nan            nan
         9      -0.910792       0.192974            nan            nan
        10      -0.889318       0.154609            nan            nan
        11      -0.868999       0.110874            nan            nan
        12      -0.849228       0.083540            nan            nan
        13      -0.831811       0.057386            nan            nan
        14      -0.816055       0.042869            nan            nan
        15      -0.805487       0.009181            nan            nan
        16      -0.801321       0.000691            nan            nan
        17      -0.800386       0.000007            nan            nan
        18      -0.800092       0.000081            nan            nan
        19      -0.801480       0.001462            nan            nan
        20      -0.806427       0.007982            nan            nan
        21      -0.815229       0.027380            nan            nan
        22      -0.828900       0.045967            nan            nan
        23      -0.844409       0.061175            nan            nan
        24      -0.861202       0.094381            nan            nan
        25      -0.879469       0.096652            nan            nan
        26      -0.897398       0.109623            nan            nan
        27      -0.914079       0.115722            nan            nan
        28      -0.928928       0.116781            nan            nan
        29      -0.942604       0.123496            nan            nan
        30      -0.955280       0.133469            nan            nan
        31      -0.966630       0.148901            nan            nan
        32      -0.976471       0.133299            nan            nan
        33      -0.984498       0.163075            nan            nan
        34      -0.991084       0.179584            nan            nan
        35      -0.996133       0.206357            nan            nan
        36      -0.999083       0.196708            nan            nan
        37      -0.999997       0.202819            nan            nan
        38      -0.998867       0.215607            nan            nan
