# Cycle: 90, status: ACC, move: ('wf', 9000, 2, 17)
#     Time      Potential        Kinetic
         0     -24.674313      13.776727            nan            nan
         1     -23.599678      12.702471            nan            nan
         2     -22.246397      11.349319            nan            nan
         3     -20.938683      10.041745            nan            nan
         4     -19.825302       8.928406            nan            nan
         5     -18.959446       8.062551            nan            nan
         6     -18.351910       7.455051            nan            nan
         7     -17.998978       7.102052            nan            nan
         8     -17.894802       6.997890            nan            nan
         9     -18.037470       7.140480            nan            nan
        10     -18.429668       7.532634            nan            nan
        11     -19.077305       8.180216            nan            nan
        12     -19.982967       9.085906            nan            nan
        13     -21.131634      10.234573            nan            nan
        14     -22.459490      11.562399            nan            nan
        15     -23.796494      12.899084            nan            nan
        16     -24.783640      13.885796            nan            nan
