# Cycle: 0, status: ACC, move: ('ki', 0, 0, 0)
#     Time      Potential        Kinetic
         0     -14.664982      20.247638
         1     -14.180651      19.818362
         2     -16.127924      21.762729
         3     -14.477097      20.196474
         4     -14.435267      20.240105
         5     -12.534173      18.356601
         6     -12.105849      17.973335
         7     -12.943936      18.865130
         8     -15.847569      21.774127
         9     -17.684346      23.598614
        10     -14.860042      20.846692
        11     -11.037948      17.036215
        12     -11.262583      17.181216
        13     -13.602671      19.504570
        14     -16.651416      22.589273
        15     -17.276316      23.163570
        16     -13.542296      19.383566
        17     -10.300644      16.226570
        18     -14.278101      20.170639
        19     -20.156151      25.944659
        20     -17.354674      23.212115
        21     -13.491777      19.437606
        22     -12.242824      18.091061
        23     -15.884417      21.689313
        24     -16.920757      22.752191
        25     -19.664026      25.388617
        26     -17.473943      23.101138
        27     -14.924920      20.567056
        28     -12.966798      18.572985
        29     -16.974037      22.449076
        30     -17.318679      22.784832
# Cycle: 1, status: FTL, move: ('sh', 0.26726793907757906, 13, 13)
#     Time      Potential        Kinetic
         0     -11.102387      19.766371
         1     -10.885289      19.526098
         2      -9.431419      18.076254
         3     -10.816719      19.350008
         4     -11.927440      20.380306
         5     -12.190490      20.642915
         6     -12.605270      21.023033
         7     -14.492943      22.859530
         8     -14.686702      23.132482
         9     -17.680935      26.175686
        10     -20.213043      28.701068
        11     -19.348228      27.944994
        12     -14.485790      23.269629
        13     -13.602671      22.449076
        14     -15.512039      24.331297
        15     -14.353994      23.315367
        16     -13.079736      22.146580
        17     -10.237972      19.291003
        18      -8.435655      17.523158
        19      -8.163552      17.362244
        20     -10.856350      20.040689
        21     -13.045341      22.147911
        22     -11.512571      20.589502
        23     -12.809853      21.820274
        24     -14.996438      23.834252
        25     -17.708327      26.449476
        26     -15.308602      24.047462
        27     -18.859811      27.467983
        28     -19.129164      27.583429
        29     -19.642448      28.110595
        30     -16.793525      25.295126
        31     -19.465174      27.874966
        32     -17.115371      25.530148
        33     -15.972765      24.494529
        34     -14.302418      22.842234
        35     -15.440537      23.997033
        36     -12.552014      21.269671
        37     -11.955755      20.773113
        38     -14.079327      22.844224
        39     -14.330449      23.153053
        40     -13.007582      21.952245
        41     -14.346382      23.265396
        42     -16.216348      25.073044
        43     -15.504947      24.399390
        44     -16.405879      25.273968
        45     -17.261567      26.038422
        46     -14.131430      22.948184
        47     -10.886918      19.718254
        48     -10.958445      19.672669
        49     -10.032395      18.684198
# Cycle: 2, status: BTL, move: ('sh', 0.2988542532082035, 1, 0)
#     Time      Potential        Kinetic
         0     -14.180651      22.449076
         1     -15.770345      24.039195
         2     -16.970442      25.226953
         3     -14.705569      23.013176
         4     -11.641593      19.907101
         5     -10.701187      18.873899
         6      -8.698042      16.872956
         7      -9.402293      17.594112
         8     -12.670108      20.769635
         9     -16.182715      24.233710
        10     -15.038493      23.080681
        11     -14.970694      22.934605
        12     -12.731107      20.658037
        13     -12.447611      20.380969
        14     -15.933699      23.828953
        15     -21.832537      29.674721
        16     -23.726436      31.613344
        17     -20.984759      28.970090
        18     -17.370495      25.393414
        19     -15.574292      23.611539
        20     -13.627453      21.742644
        21     -12.735241      20.931295
        22     -13.246722      21.468232
        23     -15.800176      24.025789
        24     -17.371194      25.623753
        25     -17.156848      25.433404
        26     -12.627533      20.994216
        27      -7.259843      15.703465
        28      -6.489263      14.908157
        29      -8.761397      17.122189
        30     -12.541621      20.898032
        31     -14.193963      22.511225
        32     -15.562883      23.806060
        33     -11.972939      20.195632
        34      -9.898402      18.084370
        35      -9.738755      17.885917
        36     -11.184953      19.315721
        37     -13.778705      21.882316
        38     -16.315811      24.371629
        39     -18.415621      26.433928
        40     -15.165144      23.200984
        41     -14.656034      22.721721
        42     -13.839414      21.964732
        43     -17.210509      25.360775
        44     -17.959256      26.116942
        45     -18.285334      26.409496
        46     -14.082807      22.230613
        47     -10.816955      19.020511
        48     -10.909235      19.077181
# Cycle: 3, status: BTL, move: ('sh', 0.2926167016183777, 4, 0)
#     Time      Potential        Kinetic
         0     -14.435267      22.449076
         1     -18.282954      26.075435
         2     -18.546718      26.316150
         3     -18.142237      25.919172
         4     -19.998309      27.693843
         5     -18.838319      26.647314
         6     -14.377139      22.449591
         7     -14.104997      22.274919
         8     -12.505505      20.785253
         9      -8.444058      16.996326
        10      -4.477945      13.195744
        11      -6.264030      14.941950
        12      -5.117696      13.845159
        13      -5.640843      14.423122
        14      -6.851552      15.477834
        15      -9.120985      17.559437
        16      -7.987990      16.364648
        17     -13.242603      21.426757
        18     -19.944535      27.797513
        19     -22.221421      29.955279
        20     -20.062294      27.774512
        21     -21.600075      29.178120
        22     -21.853650      29.439673
        23     -20.205747      27.957163
        24     -21.452658      29.236946
        25     -19.586706      27.449938
        26     -14.190988      22.351327
        27      -8.810711      17.196773
        28      -9.061216      17.533581
        29      -5.566655      14.236221
        30      -4.175067      13.018936
        31      -3.509511      12.323497
        32      -2.851092      11.673107
        33       1.431782       7.476734
        34      -0.688960       9.453404
# Cycle: 4, status: ACC, move: ('sh', 0.27077884289032617, 20, 17)
#     Time      Potential        Kinetic
         0      -4.947369      10.273771
         1      -7.908754      13.063571
         2      -8.088229      13.166099
         3      -6.478915      11.591048
         4      -8.481513      13.454003
         5     -11.322028      16.164956
         6     -10.433555      15.328163
         7     -13.883928      18.716609
         8     -18.824443      23.513041
         9     -20.752705      25.521084
        10     -18.826996      23.702192
        11     -18.896326      23.693761
        12     -14.616654      19.412001
        13      -9.457913      14.350267
        14     -10.578839      15.472812
        15     -14.579699      19.464862
        16     -17.229458      22.229405
        17     -17.354674      22.449076
        18     -16.223375      21.345022
        19     -12.499037      17.674454
        20     -10.264687      15.497351
        21      -8.686640      13.891250
        22      -6.821098      12.061777
        23      -3.818609       9.135217
        24      -4.672899       9.930117
        25      -5.576320      10.785298
        26      -4.894146      10.164178
        27      -6.645437      11.877773
        28     -10.442182      15.580218
        29     -11.794311      16.943239
        30     -12.279539      17.458431
# Cycle: 5, status: ACC, move: ('00', 0.27077884289032617, 20, 17)
#     Time      Potential        Kinetic
         0      -4.947369      10.273771
         1      -7.908754      13.063571
         2      -8.088229      13.166099
         3      -6.478915      11.591048
         4      -8.481513      13.454003
         5     -11.322028      16.164956
         6     -10.433555      15.328163
         7     -13.883928      18.716609
         8     -18.824443      23.513041
         9     -20.752705      25.521084
        10     -18.826996      23.702192
        11     -18.896326      23.693761
        12     -14.616654      19.412001
        13      -9.457913      14.350267
        14     -10.578839      15.472812
        15     -14.579699      19.464862
        16     -17.229458      22.229405
        17     -17.354674      22.449076
        18     -16.223375      21.345022
        19     -12.499037      17.674454
        20     -10.264687      15.497351
        21      -8.686640      13.891250
        22      -6.821098      12.061777
        23      -3.818609       9.135217
        24      -4.672899       9.930117
        25      -5.576320      10.785298
        26      -4.894146      10.164178
        27      -6.645437      11.877773
        28     -10.442182      15.580218
        29     -11.794311      16.943239
        30     -12.279539      17.458431
# Cycle: 6, status: ACC, move: ('00', 0.27077884289032617, 20, 17)
#     Time      Potential        Kinetic
         0      -4.947369      10.273771
         1      -7.908754      13.063571
         2      -8.088229      13.166099
         3      -6.478915      11.591048
         4      -8.481513      13.454003
         5     -11.322028      16.164956
         6     -10.433555      15.328163
         7     -13.883928      18.716609
         8     -18.824443      23.513041
         9     -20.752705      25.521084
        10     -18.826996      23.702192
        11     -18.896326      23.693761
        12     -14.616654      19.412001
        13      -9.457913      14.350267
        14     -10.578839      15.472812
        15     -14.579699      19.464862
        16     -17.229458      22.229405
        17     -17.354674      22.449076
        18     -16.223375      21.345022
        19     -12.499037      17.674454
        20     -10.264687      15.497351
        21      -8.686640      13.891250
        22      -6.821098      12.061777
        23      -3.818609       9.135217
        24      -4.672899       9.930117
        25      -5.576320      10.785298
        26      -4.894146      10.164178
        27      -6.645437      11.877773
        28     -10.442182      15.580218
        29     -11.794311      16.943239
        30     -12.279539      17.458431
# Cycle: 7, status: ACC, move: ('tr', 0, 0, 0)
#     Time      Potential        Kinetic
         0     -12.279539      17.458431
         1     -11.794311      16.943239
         2     -10.442182      15.580218
         3      -6.645437      11.877773
         4      -4.894146      10.164178
         5      -5.576320      10.785298
         6      -4.672899       9.930117
         7      -3.818609       9.135217
         8      -6.821098      12.061777
         9      -8.686640      13.891250
        10     -10.264687      15.497351
        11     -12.499037      17.674454
        12     -16.223375      21.345022
        13     -17.354674      22.449076
        14     -17.229458      22.229405
        15     -14.579699      19.464862
        16     -10.578839      15.472812
        17      -9.457913      14.350267
        18     -14.616654      19.412001
        19     -18.896326      23.693761
        20     -18.826996      23.702192
        21     -20.752705      25.521084
        22     -18.824443      23.513041
        23     -13.883928      18.716609
        24     -10.433555      15.328163
        25     -11.322028      16.164956
        26      -8.481513      13.454003
        27      -6.478915      11.591048
        28      -8.088229      13.166099
        29      -7.908754      13.063571
        30      -4.947369      10.273771
# Cycle: 8, status: ACC, move: ('00', 0, 0, 0)
#     Time      Potential        Kinetic
         0     -12.279539      17.458431
         1     -11.794311      16.943239
         2     -10.442182      15.580218
         3      -6.645437      11.877773
         4      -4.894146      10.164178
         5      -5.576320      10.785298
         6      -4.672899       9.930117
         7      -3.818609       9.135217
         8      -6.821098      12.061777
         9      -8.686640      13.891250
        10     -10.264687      15.497351
        11     -12.499037      17.674454
        12     -16.223375      21.345022
        13     -17.354674      22.449076
        14     -17.229458      22.229405
        15     -14.579699      19.464862
        16     -10.578839      15.472812
        17      -9.457913      14.350267
        18     -14.616654      19.412001
        19     -18.896326      23.693761
        20     -18.826996      23.702192
        21     -20.752705      25.521084
        22     -18.824443      23.513041
        23     -13.883928      18.716609
        24     -10.433555      15.328163
        25     -11.322028      16.164956
        26      -8.481513      13.454003
        27      -6.478915      11.591048
        28      -8.088229      13.166099
        29      -7.908754      13.063571
        30      -4.947369      10.273771
# Cycle: 9, status: ACC, move: ('sh', 0.29211309563247945, 5, 21)
#     Time      Potential        Kinetic
         0      -8.719224      25.298510
         1     -13.508468      30.034524
         2     -16.216265      32.645028
         3     -17.287940      33.652206
         4     -14.067223      30.433438
         5     -10.275946      26.667546
         6      -8.355625      24.789246
         7      -8.775455      25.235929
         8     -12.797504      29.208910
         9     -13.129734      29.552257
        10     -11.879084      28.345715
        11      -8.104635      24.617067
        12      -8.666208      25.231454
        13     -11.808566      28.456787
        14     -16.336239      32.998847
        15     -15.179102      31.813545
        16     -10.233776      26.878833
        17      -3.515759      20.236789
        18      -0.839409      17.648483
        19      -0.300797      17.144719
        20      -2.576501      19.443666
        21      -5.576320      22.449076
        22      -8.733833      25.601031
        23     -10.321367      27.201267
        24     -11.799763      28.677563
        25     -12.570901      29.440695
# Cycle: 10, status: ACC, move: ('tr', 0, 0, 0)
#     Time      Potential        Kinetic
         0     -12.570901      29.440695
         1     -11.799763      28.677563
         2     -10.321367      27.201267
         3      -8.733833      25.601031
         4      -5.576320      22.449076
         5      -2.576501      19.443666
         6      -0.300797      17.144719
         7      -0.839409      17.648483
         8      -3.515759      20.236789
         9     -10.233776      26.878833
        10     -15.179102      31.813545
        11     -16.336239      32.998847
        12     -11.808566      28.456787
        13      -8.666208      25.231454
        14      -8.104635      24.617067
        15     -11.879084      28.345715
        16     -13.129734      29.552257
        17     -12.797504      29.208910
        18      -8.775455      25.235929
        19      -8.355625      24.789246
        20     -10.275946      26.667546
        21     -14.067223      30.433438
        22     -17.287940      33.652206
        23     -16.216265      32.645028
        24     -13.508468      30.034524
        25      -8.719224      25.298510
# Cycle: 11, status: ACC, move: ('sh', 0.2726606120784714, 13, 14)
#     Time      Potential        Kinetic
         0     -10.399686      24.237814
         1      -8.198484      22.022546
         2      -5.550313      19.386985
         3      -8.301612      21.941081
         4      -8.009058      21.599823
         5      -5.087276      18.836540
         6      -6.518533      20.162786
         7      -9.954098      23.412185
         8      -6.048976      19.655316
         9      -4.606817      18.308072
        10     -10.424137      23.981922
        11     -16.300849      29.903889
        12     -16.727702      30.524748
        13     -15.463090      29.240467
        14      -8.666208      22.449076
        15       0.664779      13.386207
        16       0.345299      13.846672
        17      -8.253897      22.370444
        18     -15.137936      29.312313
        19      -4.630345      19.063689
        20      -3.968633      18.266782
        21      -0.947059      15.152356
        22       3.179270      11.237522
        23      -0.044984      14.404852
        24     -11.566546      25.612831
        25     -10.818370      24.931860
        26      -6.295355      20.545333
        27      -6.977466      20.952464
# Cycle: 12, status: ACC, move: ('s+', 0, 0, 0)
#     Time      Potential        Kinetic
         0      -8.353532      17.046695
         1     -11.805787      20.444456
         2      -6.402577      15.116285
         3      -3.648469      12.443432
         4      -3.698585      12.394931
         5      -7.050333      15.644782
         6      -8.545902      17.125787
         7     -14.944880      23.412955
         8     -16.548456      24.817490
         9     -15.082099      23.250713
        10     -11.004521      19.153394
        11     -14.863370      22.842847
        12     -20.749068      28.635401
        13     -24.690508      32.685428
        14     -22.570518      30.596197
        15     -19.815539      27.800302
        16     -14.900198      23.060577
        17      -9.804161      18.107307
        18      -9.215811      17.555582
        19      -5.912003      14.374063
        20      -3.593224      12.257322
        21      -6.152148      14.869534
        22     -12.603178      21.303105
        23     -10.171205      18.996295
        24     -10.614355      19.435590
        25      -7.691837      16.387028
        26      -6.286093      14.945209
        27      -5.060919      13.719884
        28     -10.917206      19.432188
        29     -14.051809      22.402059
        30     -16.583057      24.911707
        31     -14.180651      22.449076
        32     -15.525369      23.623978
# Cycle: 13, status: ACC, move: ('00', 0, 0, 0)
#     Time      Potential        Kinetic
         0      -8.353532      17.046695
         1     -11.805787      20.444456
         2      -6.402577      15.116285
         3      -3.648469      12.443432
         4      -3.698585      12.394931
         5      -7.050333      15.644782
         6      -8.545902      17.125787
         7     -14.944880      23.412955
         8     -16.548456      24.817490
         9     -15.082099      23.250713
        10     -11.004521      19.153394
        11     -14.863370      22.842847
        12     -20.749068      28.635401
        13     -24.690508      32.685428
        14     -22.570518      30.596197
        15     -19.815539      27.800302
        16     -14.900198      23.060577
        17      -9.804161      18.107307
        18      -9.215811      17.555582
        19      -5.912003      14.374063
        20      -3.593224      12.257322
        21      -6.152148      14.869534
        22     -12.603178      21.303105
        23     -10.171205      18.996295
        24     -10.614355      19.435590
        25      -7.691837      16.387028
        26      -6.286093      14.945209
        27      -5.060919      13.719884
        28     -10.917206      19.432188
        29     -14.051809      22.402059
        30     -16.583057      24.911707
        31     -14.180651      22.449076
        32     -15.525369      23.623978
# Cycle: 14, status: ACC, move: ('sh', 0.28718288547855464, 5, 15)
#     Time      Potential        Kinetic
         0     -13.614818      28.578616
         1     -18.218430      33.058397
         2     -19.676156      34.511656
         3     -16.928165      31.778510
         4     -13.426674      28.245179
         5     -11.769650      26.669677
         6     -14.576032      29.600519
         7     -20.207761      35.174374
         8      -7.009090      22.094849
         9       2.486181      12.827975
        10       0.068785      15.315734
        11     -12.418780      27.753310
        12     -10.465376      25.905334
        13      -9.079628      24.596009
        14      -5.329198      20.800218
        15      -7.050333      22.449076
        16      -7.766608      23.149500
        17     -12.109101      27.395435
# Cycle: 15, status: ACC, move: ('tr', 0, 0, 0)
#     Time      Potential        Kinetic
         0     -12.109101      27.395435
         1      -7.766608      23.149500
         2      -7.050333      22.449076
         3      -5.329198      20.800218
         4      -9.079628      24.596009
         5     -10.465376      25.905334
         6     -12.418780      27.753310
         7       0.068785      15.315734
         8       2.486181      12.827975
         9      -7.009090      22.094849
        10     -20.207761      35.174374
        11     -14.576032      29.600519
        12     -11.769650      26.669677
        13     -13.426674      28.245179
        14     -16.928165      31.778510
        15     -19.676156      34.511656
        16     -18.218430      33.058397
        17     -13.614818      28.578616
# Cycle: 16, status: ACC, move: ('sh', 0.254612817745584, 7, 10)
#     Time      Potential        Kinetic
         0      -7.325706      29.895810
         1      -7.678527      30.432934
         2      -5.630036      28.529734
         3     -14.531930      37.106055
         4     -11.648852      34.227987
         5      -3.902435      26.806762
         6      -7.342646      30.092139
         7     -16.904209      39.424367
         8      -6.729517      29.570508
         9       2.776734      20.186454
        10       0.068785      22.449076
        11      -4.212335      26.702276
        12      -3.687159      26.355373
        13     -12.065782      34.443002
        14     -10.954468      33.190633
        15      -3.979517      26.458659
        16      -5.254879      27.711842
        17     -15.128592      37.275113
        18     -11.442969      33.828518
        19      -8.294302      30.983229
# Cycle: 17, status: ACC, move: ('sh', 0.27128793614414737, 14, 9)
#     Time      Potential        Kinetic
         0     -17.354732      28.531268
         1     -16.112411      27.224204
         2     -14.273233      25.379030
         3     -14.548138      25.644709
         4     -16.889361      27.956697
         5     -17.852571      28.962054
         6     -18.142115      29.318819
         7     -14.585366      25.846111
         8     -12.425876      23.794184
         9     -10.954468      22.449076
        10     -14.269276      25.852066
        11     -15.452684      27.147201
        12     -16.890210      28.677912
        13     -12.357617      24.219668
        14     -13.495817      25.342259
        15     -11.946535      23.765633
        16     -12.962003      24.780203
        17     -10.389371      22.181040
        18     -14.263510      25.946054
        19     -13.510887      25.118495
        20     -13.858001      25.427436
        21     -10.192657      21.709600
        22      -8.456962      19.896110
        23      -6.780971      18.200059
        24      -7.827959      19.190628
# Cycle: 18, status: ACC, move: ('00', 0.27128793614414737, 14, 9)
#     Time      Potential        Kinetic
         0     -17.354732      28.531268
         1     -16.112411      27.224204
         2     -14.273233      25.379030
         3     -14.548138      25.644709
         4     -16.889361      27.956697
         5     -17.852571      28.962054
         6     -18.142115      29.318819
         7     -14.585366      25.846111
         8     -12.425876      23.794184
         9     -10.954468      22.449076
        10     -14.269276      25.852066
        11     -15.452684      27.147201
        12     -16.890210      28.677912
        13     -12.357617      24.219668
        14     -13.495817      25.342259
        15     -11.946535      23.765633
        16     -12.962003      24.780203
        17     -10.389371      22.181040
        18     -14.263510      25.946054
        19     -13.510887      25.118495
        20     -13.858001      25.427436
        21     -10.192657      21.709600
        22      -8.456962      19.896110
        23      -6.780971      18.200059
        24      -7.827959      19.190628
# Cycle: 19, status: ACC, move: ('00', 0.27128793614414737, 14, 9)
#     Time      Potential        Kinetic
         0     -17.354732      28.531268
         1     -16.112411      27.224204
         2     -14.273233      25.379030
         3     -14.548138      25.644709
         4     -16.889361      27.956697
         5     -17.852571      28.962054
         6     -18.142115      29.318819
         7     -14.585366      25.846111
         8     -12.425876      23.794184
         9     -10.954468      22.449076
        10     -14.269276      25.852066
        11     -15.452684      27.147201
        12     -16.890210      28.677912
        13     -12.357617      24.219668
        14     -13.495817      25.342259
        15     -11.946535      23.765633
        16     -12.962003      24.780203
        17     -10.389371      22.181040
        18     -14.263510      25.946054
        19     -13.510887      25.118495
        20     -13.858001      25.427436
        21     -10.192657      21.709600
        22      -8.456962      19.896110
        23      -6.780971      18.200059
        24      -7.827959      19.190628
# Cycle: 20, status: ACC, move: ('00', 0.27128793614414737, 14, 9)
#     Time      Potential        Kinetic
         0     -17.354732      28.531268
         1     -16.112411      27.224204
         2     -14.273233      25.379030
         3     -14.548138      25.644709
         4     -16.889361      27.956697
         5     -17.852571      28.962054
         6     -18.142115      29.318819
         7     -14.585366      25.846111
         8     -12.425876      23.794184
         9     -10.954468      22.449076
        10     -14.269276      25.852066
        11     -15.452684      27.147201
        12     -16.890210      28.677912
        13     -12.357617      24.219668
        14     -13.495817      25.342259
        15     -11.946535      23.765633
        16     -12.962003      24.780203
        17     -10.389371      22.181040
        18     -14.263510      25.946054
        19     -13.510887      25.118495
        20     -13.858001      25.427436
        21     -10.192657      21.709600
        22      -8.456962      19.896110
        23      -6.780971      18.200059
        24      -7.827959      19.190628
# Cycle: 21, status: BTL, move: ('sh', 0.28747503206796543, 20, 0)
#     Time      Potential        Kinetic
         0     -13.858001      22.449076
         1     -14.629793      23.207083
         2     -15.311735      23.908264
         3     -16.181112      24.718604
         4     -17.376917      25.824076
         5     -17.298527      25.742142
         6     -16.052825      24.512041
         7     -18.330508      26.738824
         8     -20.130474      28.455891
         9     -22.881891      31.171831
        10     -20.254297      28.500412
        11     -20.349107      28.593561
        12     -16.421108      24.739009
        13     -16.456702      24.812795
        14     -15.729491      24.058779
        15     -16.582998      24.899513
        16     -14.468175      22.811859
        17     -15.954376      24.268846
        18     -14.722110      23.051992
        19     -13.627722      22.045176
        20     -12.429540      20.895031
        21     -13.503650      21.933449
        22     -12.663959      21.117923
        23     -13.276862      21.786128
        24     -12.712295      21.227257
# Cycle: 22, status: ACC, move: ('s+', 0, 0, 0)
#     Time      Potential        Kinetic
         0      -8.893038      30.430501
         1      -7.522686      29.219097
         2      -3.245237      25.077064
         3      -8.948490      30.700170
         4      -5.338928      27.221585
         5      -0.938393      23.020521
         6      -7.453840      29.294951
         7     -14.653281      36.328514
         8     -13.148677      34.978918
         9      -6.583817      28.562005
        10      -2.959340      24.883143
        11       2.040297      19.996044
        12       5.917091      16.238392
        13       1.683754      20.332595
        14      -6.104290      27.976340
        15      -3.513582      25.613373
        16      -5.938792      28.071131
        17      -3.051979      25.112796
        18       0.301122      21.778002
        19      -1.394352      23.409852
        20     -13.413962      35.116638
        21     -11.093985      32.842634
        22      -4.534909      26.518549
        23       3.395783      18.553033
        24       2.997741      18.822415
        25       6.386338      15.558985
        26       6.594661      15.405933
        27       0.365408      21.473069
        28      -2.665875      24.513861
        29      -4.622226      26.508826
# Cycle: 23, status: ACC, move: ('sh', 0.28801286878910176, 19, 19)
#     Time      Potential        Kinetic
         0     -12.394860      32.901547
         1      -9.612567      30.284975
         2     -10.880947      31.662725
         3     -10.257781      31.008610
         4     -10.709631      31.385881
         5      -8.351853      29.117464
         6      -2.501965      23.337409
         7      -7.332663      28.093872
         8      -8.884714      29.653714
         9     -10.469770      31.277201
        10      -6.198099      27.035780
        11      -1.924381      22.850093
        12       4.388243      16.665976
        13       3.709586      17.299116
        14       0.998735      19.938800
        15       0.918838      20.113759
        16      -6.084896      27.079040
        17      -8.808553      29.663198
        18      -8.555791      29.401492
        19      -1.394352      22.449076
        20      -4.385367      25.457593
        21      -6.718859      27.746837
        22     -11.858959      32.876511
        23      -5.286956      26.314065
        24      -4.242172      25.164810
        25       1.720062      19.243868
        26       2.730035      18.239403
        27      -1.295941      22.131507
        28      -9.088929      29.804073
        29      -9.335485      30.066594
        30     -14.207800      34.883049
        31      -9.104671      29.708290
        32      -7.850776      28.311255
        33      -5.578917      26.047021
        34      -6.269909      26.701644
        35      -9.964660      30.297315
        36     -11.239013      31.631949
# Cycle: 24, status: ACC, move: ('00', 0.28801286878910176, 19, 19)
#     Time      Potential        Kinetic
         0     -12.394860      32.901547
         1      -9.612567      30.284975
         2     -10.880947      31.662725
         3     -10.257781      31.008610
         4     -10.709631      31.385881
         5      -8.351853      29.117464
         6      -2.501965      23.337409
         7      -7.332663      28.093872
         8      -8.884714      29.653714
         9     -10.469770      31.277201
        10      -6.198099      27.035780
        11      -1.924381      22.850093
        12       4.388243      16.665976
        13       3.709586      17.299116
        14       0.998735      19.938800
        15       0.918838      20.113759
        16      -6.084896      27.079040
        17      -8.808553      29.663198
        18      -8.555791      29.401492
        19      -1.394352      22.449076
        20      -4.385367      25.457593
        21      -6.718859      27.746837
        22     -11.858959      32.876511
        23      -5.286956      26.314065
        24      -4.242172      25.164810
        25       1.720062      19.243868
        26       2.730035      18.239403
        27      -1.295941      22.131507
        28      -9.088929      29.804073
        29      -9.335485      30.066594
        30     -14.207800      34.883049
        31      -9.104671      29.708290
        32      -7.850776      28.311255
        33      -5.578917      26.047021
        34      -6.269909      26.701644
        35      -9.964660      30.297315
        36     -11.239013      31.631949
# Cycle: 25, status: ACC, move: ('00', 0.28801286878910176, 19, 19)
#     Time      Potential        Kinetic
         0     -12.394860      32.901547
         1      -9.612567      30.284975
         2     -10.880947      31.662725
         3     -10.257781      31.008610
         4     -10.709631      31.385881
         5      -8.351853      29.117464
         6      -2.501965      23.337409
         7      -7.332663      28.093872
         8      -8.884714      29.653714
         9     -10.469770      31.277201
        10      -6.198099      27.035780
        11      -1.924381      22.850093
        12       4.388243      16.665976
        13       3.709586      17.299116
        14       0.998735      19.938800
        15       0.918838      20.113759
        16      -6.084896      27.079040
        17      -8.808553      29.663198
        18      -8.555791      29.401492
        19      -1.394352      22.449076
        20      -4.385367      25.457593
        21      -6.718859      27.746837
        22     -11.858959      32.876511
        23      -5.286956      26.314065
        24      -4.242172      25.164810
        25       1.720062      19.243868
        26       2.730035      18.239403
        27      -1.295941      22.131507
        28      -9.088929      29.804073
        29      -9.335485      30.066594
        30     -14.207800      34.883049
        31      -9.104671      29.708290
        32      -7.850776      28.311255
        33      -5.578917      26.047021
        34      -6.269909      26.701644
        35      -9.964660      30.297315
        36     -11.239013      31.631949
# Cycle: 26, status: ACC, move: ('tr', 0, 0, 0)
#     Time      Potential        Kinetic
         0     -11.239013      31.631949
         1      -9.964660      30.297315
         2      -6.269909      26.701644
         3      -5.578917      26.047021
         4      -7.850776      28.311255
         5      -9.104671      29.708290
         6     -14.207800      34.883049
         7      -9.335485      30.066594
         8      -9.088929      29.804073
         9      -1.295941      22.131507
        10       2.730035      18.239403
        11       1.720062      19.243868
        12      -4.242172      25.164810
        13      -5.286956      26.314065
        14     -11.858959      32.876511
        15      -6.718859      27.746837
        16      -4.385367      25.457593
        17      -1.394352      22.449076
        18      -8.555791      29.401492
        19      -8.808553      29.663198
        20      -6.084896      27.079040
        21       0.918838      20.113759
        22       0.998735      19.938800
        23       3.709586      17.299116
        24       4.388243      16.665976
        25      -1.924381      22.850093
        26      -6.198099      27.035780
        27     -10.469770      31.277201
        28      -8.884714      29.653714
        29      -7.332663      28.093872
        30      -2.501965      23.337409
        31      -8.351853      29.117464
        32     -10.709631      31.385881
        33     -10.257781      31.008610
        34     -10.880947      31.662725
        35      -9.612567      30.284975
        36     -12.394860      32.901547
# Cycle: 27, status: ACC, move: ('tr', 0, 0, 0)
#     Time      Potential        Kinetic
         0     -12.394860      32.901547
         1      -9.612567      30.284975
         2     -10.880947      31.662725
         3     -10.257781      31.008610
         4     -10.709631      31.385881
         5      -8.351853      29.117464
         6      -2.501965      23.337409
         7      -7.332663      28.093872
         8      -8.884714      29.653714
         9     -10.469770      31.277201
        10      -6.198099      27.035780
        11      -1.924381      22.850093
        12       4.388243      16.665976
        13       3.709586      17.299116
        14       0.998735      19.938800
        15       0.918838      20.113759
        16      -6.084896      27.079040
        17      -8.808553      29.663198
        18      -8.555791      29.401492
        19      -1.394352      22.449076
        20      -4.385367      25.457593
        21      -6.718859      27.746837
        22     -11.858959      32.876511
        23      -5.286956      26.314065
        24      -4.242172      25.164810
        25       1.720062      19.243868
        26       2.730035      18.239403
        27      -1.295941      22.131507
        28      -9.088929      29.804073
        29      -9.335485      30.066594
        30     -14.207800      34.883049
        31      -9.104671      29.708290
        32      -7.850776      28.311255
        33      -5.578917      26.047021
        34      -6.269909      26.701644
        35      -9.964660      30.297315
        36     -11.239013      31.631949
# Cycle: 28, status: ACC, move: ('tr', 0, 0, 0)
#     Time      Potential        Kinetic
         0     -11.239013      31.631949
         1      -9.964660      30.297315
         2      -6.269909      26.701644
         3      -5.578917      26.047021
         4      -7.850776      28.311255
         5      -9.104671      29.708290
         6     -14.207800      34.883049
         7      -9.335485      30.066594
         8      -9.088929      29.804073
         9      -1.295941      22.131507
        10       2.730035      18.239403
        11       1.720062      19.243868
        12      -4.242172      25.164810
        13      -5.286956      26.314065
        14     -11.858959      32.876511
        15      -6.718859      27.746837
        16      -4.385367      25.457593
        17      -1.394352      22.449076
        18      -8.555791      29.401492
        19      -8.808553      29.663198
        20      -6.084896      27.079040
        21       0.918838      20.113759
        22       0.998735      19.938800
        23       3.709586      17.299116
        24       4.388243      16.665976
        25      -1.924381      22.850093
        26      -6.198099      27.035780
        27     -10.469770      31.277201
        28      -8.884714      29.653714
        29      -7.332663      28.093872
        30      -2.501965      23.337409
        31      -8.351853      29.117464
        32     -10.709631      31.385881
        33     -10.257781      31.008610
        34     -10.880947      31.662725
        35      -9.612567      30.284975
        36     -12.394860      32.901547
# Cycle: 29, status: FTL, move: ('sh', 0.2894749651183281, 15, 38)
#     Time      Potential        Kinetic
         0      -2.555285      18.490974
         1      -2.122521      18.017293
         2      -1.783283      17.693651
         3       0.102262      15.905550
         4      -2.555484      18.527469
         5      -6.786139      22.651261
         6      -5.972899      21.885606
         7      -4.185684      20.166233
         8      -4.104485      20.042396
         9      -2.708979      18.677988
        10      -4.458220      20.476567
        11      -9.019507      24.854169
        12     -14.979676      30.635076
        13      -9.340798      25.108470
        14      -6.089325      21.919127
        15      -7.381006      23.071817
        16     -10.184266      25.881604
        17      -9.832990      25.571078
        18     -13.382839      29.045892
        19     -11.815201      27.459894
        20     -11.326551      26.922849
        21     -14.696581      30.125487
        22     -14.747468      30.152049
        23      -8.280930      23.904820
        24      -7.097197      22.729032
        25      -9.110959      24.663765
        26      -6.574467      22.355192
        27      -6.555463      22.576197
        28      -7.787715      23.798459
        29      -9.366057      25.363735
        30      -2.936218      19.074475
        31      -0.907983      17.044957
        32      -2.135528      18.167747
        33      -4.458672      20.558127
        34      -5.970686      22.063216
        35     -14.329543      30.201228
        36     -11.312928      27.156758
        37      -6.572125      22.478652
        38      -6.718859      22.449076
        39     -10.129376      25.644325
        40      -7.238607      22.810102
        41      -7.909315      23.489329
        42      -9.935239      25.355210
        43      -8.500591      23.965142
        44      -6.415543      22.056207
        45      -9.106440      24.704601
        46     -14.172529      29.712363
        47     -11.411209      27.185384
        48      -6.874525      22.737460
        49      -4.920932      20.643126
# Cycle: 30, status: ACC, move: ('s+', 0, 0, 0)
#     Time      Potential        Kinetic
         0     -17.950338      27.329166
         1     -19.882155      29.152864
         2     -18.143428      27.472805
         3     -17.779574      27.092918
         4     -21.219798      30.347134
         5     -22.015285      31.100759
         6     -20.655212      29.836344
         7     -22.452058      31.568016
         8     -24.455546      33.476465
         9     -22.037169      31.174399
        10     -20.182416      29.410455
        11     -21.256263      30.446925
        12     -20.516971      29.800490
        13     -17.385028      26.880478
        14     -19.171404      28.697997
        15     -19.586229      29.118939
        16     -18.044699      27.705814
        17     -17.022118      26.727632
        18     -18.775791      28.423356
        19     -16.445936      26.192612
        20     -14.665164      24.533673
        21     -15.872444      25.646264
        22     -16.526245      26.264110
        23     -12.298344      22.182460
        24     -11.923522      21.796832
        25     -13.697751      23.420546
        26     -12.214820      21.967522
# Cycle: 31, status: ACC, move: ('sh', 0.29934182959593325, 1, 23)
#     Time      Potential        Kinetic
         0     -19.333697      21.929911
         1     -20.977721      23.515539
         2     -21.641692      24.135137
         3     -19.943856      22.487177
         4     -18.425320      20.946993
         5     -19.051144      21.452584
         6     -19.713760      22.123779
         7     -18.925284      21.362096
         8     -20.821093      23.195711
         9     -19.421154      21.797222
        10     -14.481794      16.939203
        11     -13.113433      15.547193
        12     -15.061123      17.409776
        13     -14.748954      17.147896
        14     -15.532699      17.985608
        15     -19.369181      21.757105
        16     -21.350466      23.740149
        17     -22.978836      25.433722
        18     -22.744557      25.175852
        19     -21.302988      23.712257
        20     -18.924113      21.436778
        21     -17.506445      20.067901
        22     -19.501824      22.022234
        23     -19.882155      22.449076
        24     -17.422569      20.057449
# Cycle: 32, status: ACC, move: ('00', 0.29934182959593325, 1, 23)
#     Time      Potential        Kinetic
         0     -19.333697      21.929911
         1     -20.977721      23.515539
         2     -21.641692      24.135137
         3     -19.943856      22.487177
         4     -18.425320      20.946993
         5     -19.051144      21.452584
         6     -19.713760      22.123779
         7     -18.925284      21.362096
         8     -20.821093      23.195711
         9     -19.421154      21.797222
        10     -14.481794      16.939203
        11     -13.113433      15.547193
        12     -15.061123      17.409776
        13     -14.748954      17.147896
        14     -15.532699      17.985608
        15     -19.369181      21.757105
        16     -21.350466      23.740149
        17     -22.978836      25.433722
        18     -22.744557      25.175852
        19     -21.302988      23.712257
        20     -18.924113      21.436778
        21     -17.506445      20.067901
        22     -19.501824      22.022234
        23     -19.882155      22.449076
        24     -17.422569      20.057449
# Cycle: 33, status: ACC, move: ('sh', 0.2591342410210316, 12, 10)
#     Time      Potential        Kinetic
         0     -15.419668      23.183233
         1     -13.473547      21.269826
         2     -13.846432      21.673041
         3     -15.880202      23.548480
         4     -16.973355      24.550202
         5     -12.437689      20.109688
         6     -11.888593      19.505407
         7     -13.181692      20.634518
         8     -12.716923      20.184031
         9     -12.067538      19.555465
        10     -15.061123      22.449076
        11     -15.730522      23.174594
        12     -15.425702      23.029862
        13     -20.873124      28.422230
        14     -21.812653      29.311459
        15     -18.774936      26.392360
        16     -14.986622      22.630113
        17     -16.231592      23.823444
        18     -12.913922      20.631491
        19     -12.032434      19.822087
        20     -13.617516      21.262229
        21     -14.007253      21.628202
# Cycle: 34, status: ACC, move: ('s+', 0, 0, 0)
#     Time      Potential        Kinetic
         0     -10.854398      28.675043
         1      -7.314947      25.302143
         2      -9.734807      27.547825
         3     -10.684543      28.503985
         4      -2.359833      20.533207
         5      -7.018680      25.106446
         6     -12.700980      30.551915
         7     -10.536053      28.652886
         8      -7.671579      25.961270
         9      -8.439156      26.443454
        10      -4.389795      22.388412
        11       6.211703      12.213364
        12      -1.596083      19.876763
        13     -11.504348      29.526132
        14     -16.149142      34.371120
        15      -5.299800      23.835474
        16     -14.463337      32.789878
        17      -9.385762      27.716173
        18      -1.243820      19.893958
        19      -4.119821      22.659604
        20      -8.355830      26.634203
        21      -3.163243      21.676433
        22       0.248447      18.461877
        23      -3.228373      21.695343
        24      -2.188051      20.635966
        25       2.336478      16.277379
        26      -1.924367      20.283766
        27      -8.022952      26.177344
        28      -3.759697      22.148090
# Cycle: 35, status: ACC, move: ('s+', 0, 0, 0)
#     Time      Potential        Kinetic
         0     -15.419668      23.183233
         1     -13.473547      21.269826
         2     -13.846432      21.673041
         3     -15.880202      23.548480
         4     -16.973355      24.550202
         5     -12.437689      20.109688
         6     -11.888593      19.505407
         7     -13.181692      20.634518
         8     -12.716923      20.184031
         9     -12.067538      19.555465
        10     -15.061123      22.449076
        11     -15.730522      23.174594
        12     -15.425702      23.029862
        13     -20.873124      28.422230
        14     -21.812653      29.311459
        15     -18.774936      26.392360
        16     -14.986622      22.630113
        17     -16.231592      23.823444
        18     -12.913922      20.631491
        19     -12.032434      19.822087
        20     -13.617516      21.262229
        21     -14.007253      21.628202
# Cycle: 36, status: ACC, move: ('sh', 0.29994754384276534, 1, 1)
#     Time      Potential        Kinetic
         0      -7.042233      16.436617
         1     -13.473547      22.449076
         2     -11.890424      20.879451
         3      -9.652962      18.702712
         4     -17.252415      25.942209
         5     -19.679069      28.272637
         6     -15.521120      24.371721
         7     -18.430257      27.196588
         8     -22.269325      30.935518
         9     -15.608709      24.675665
        10     -11.706471      20.990164
        11     -15.737711      24.810168
        12     -13.040563      22.256942
        13      -7.783059      17.368691
        14      -9.624313      19.183305
        15     -10.322782      19.910549
        16      -3.142241      13.082315
        17      -5.866975      15.744267
        18     -11.697833      21.283143
        19      -7.529191      17.284522
        20      -1.789871      11.711218
        21      -7.073704      16.671280
        22      -8.008955      17.538988
        23      -3.302980      13.087181
        24      -5.858358      15.497182
# Cycle: 37, status: ACC, move: ('00', 0.29994754384276534, 1, 1)
#     Time      Potential        Kinetic
         0      -7.042233      16.436617
         1     -13.473547      22.449076
         2     -11.890424      20.879451
         3      -9.652962      18.702712
         4     -17.252415      25.942209
         5     -19.679069      28.272637
         6     -15.521120      24.371721
         7     -18.430257      27.196588
         8     -22.269325      30.935518
         9     -15.608709      24.675665
        10     -11.706471      20.990164
        11     -15.737711      24.810168
        12     -13.040563      22.256942
        13      -7.783059      17.368691
        14      -9.624313      19.183305
        15     -10.322782      19.910549
        16      -3.142241      13.082315
        17      -5.866975      15.744267
        18     -11.697833      21.283143
        19      -7.529191      17.284522
        20      -1.789871      11.711218
        21      -7.073704      16.671280
        22      -8.008955      17.538988
        23      -3.302980      13.087181
        24      -5.858358      15.497182
# Cycle: 38, status: ACC, move: ('s+', 0, 0, 0)
#     Time      Potential        Kinetic
         0     -10.083693      20.689727
         1      -7.168278      17.802054
         2      -9.223718      19.706083
         3      -9.521969      20.028692
         4      -9.370997      19.962023
         5     -14.086460      24.537520
         6     -16.342441      26.728058
         7     -13.402602      23.941499
         8     -13.120533      23.655078
         9     -15.952051      26.339550
        10     -13.577877      24.030110
        11     -12.216523      22.716078
        12     -11.198381      21.602644
        13      -9.564157      19.966636
        14      -5.506815      16.067467
        15      -9.418609      19.886210
        16     -14.206991      24.593986
        17     -14.255858      24.766129
        18     -10.452542      20.991777
        19     -12.005637      22.375840
        20      -7.487498      17.938292
        21      -5.766242      16.337006
        22      -9.786065      20.242167
        23     -11.745025      22.195115
        24      -7.669749      18.319751
        25      -7.423159      18.045336
        26     -10.373794      20.840794
        27      -9.866492      20.449061
# Cycle: 39, status: ACC, move: ('00', 0, 0, 0)
#     Time      Potential        Kinetic
         0     -10.083693      20.689727
         1      -7.168278      17.802054
         2      -9.223718      19.706083
         3      -9.521969      20.028692
         4      -9.370997      19.962023
         5     -14.086460      24.537520
         6     -16.342441      26.728058
         7     -13.402602      23.941499
         8     -13.120533      23.655078
         9     -15.952051      26.339550
        10     -13.577877      24.030110
        11     -12.216523      22.716078
        12     -11.198381      21.602644
        13      -9.564157      19.966636
        14      -5.506815      16.067467
        15      -9.418609      19.886210
        16     -14.206991      24.593986
        17     -14.255858      24.766129
        18     -10.452542      20.991777
        19     -12.005637      22.375840
        20      -7.487498      17.938292
        21      -5.766242      16.337006
        22      -9.786065      20.242167
        23     -11.745025      22.195115
        24      -7.669749      18.319751
        25      -7.423159      18.045336
        26     -10.373794      20.840794
        27      -9.866492      20.449061
# Cycle: 40, status: ACC, move: ('s+', 0, 0, 0)
#     Time      Potential        Kinetic
         0      -7.042233      16.436617
         1     -13.473547      22.449076
         2     -11.890424      20.879451
         3      -9.652962      18.702712
         4     -17.252415      25.942209
         5     -19.679069      28.272637
         6     -15.521120      24.371721
         7     -18.430257      27.196588
         8     -22.269325      30.935518
         9     -15.608709      24.675665
        10     -11.706471      20.990164
        11     -15.737711      24.810168
        12     -13.040563      22.256942
        13      -7.783059      17.368691
        14      -9.624313      19.183305
        15     -10.322782      19.910549
        16      -3.142241      13.082315
        17      -5.866975      15.744267
        18     -11.697833      21.283143
        19      -7.529191      17.284522
        20      -1.789871      11.711218
        21      -7.073704      16.671280
        22      -8.008955      17.538988
        23      -3.302980      13.087181
        24      -5.858358      15.497182
# Cycle: 41, status: ACC, move: ('s+', 0, 0, 0)
#     Time      Potential        Kinetic
         0     -10.083693      20.689727
         1      -7.168278      17.802054
         2      -9.223718      19.706083
         3      -9.521969      20.028692
         4      -9.370997      19.962023
         5     -14.086460      24.537520
         6     -16.342441      26.728058
         7     -13.402602      23.941499
         8     -13.120533      23.655078
         9     -15.952051      26.339550
        10     -13.577877      24.030110
        11     -12.216523      22.716078
        12     -11.198381      21.602644
        13      -9.564157      19.966636
        14      -5.506815      16.067467
        15      -9.418609      19.886210
        16     -14.206991      24.593986
        17     -14.255858      24.766129
        18     -10.452542      20.991777
        19     -12.005637      22.375840
        20      -7.487498      17.938292
        21      -5.766242      16.337006
        22      -9.786065      20.242167
        23     -11.745025      22.195115
        24      -7.669749      18.319751
        25      -7.423159      18.045336
        26     -10.373794      20.840794
        27      -9.866492      20.449061
# Cycle: 42, status: ACC, move: ('00', 0, 0, 0)
#     Time      Potential        Kinetic
         0     -10.083693      20.689727
         1      -7.168278      17.802054
         2      -9.223718      19.706083
         3      -9.521969      20.028692
         4      -9.370997      19.962023
         5     -14.086460      24.537520
         6     -16.342441      26.728058
         7     -13.402602      23.941499
         8     -13.120533      23.655078
         9     -15.952051      26.339550
        10     -13.577877      24.030110
        11     -12.216523      22.716078
        12     -11.198381      21.602644
        13      -9.564157      19.966636
        14      -5.506815      16.067467
        15      -9.418609      19.886210
        16     -14.206991      24.593986
        17     -14.255858      24.766129
        18     -10.452542      20.991777
        19     -12.005637      22.375840
        20      -7.487498      17.938292
        21      -5.766242      16.337006
        22      -9.786065      20.242167
        23     -11.745025      22.195115
        24      -7.669749      18.319751
        25      -7.423159      18.045336
        26     -10.373794      20.840794
        27      -9.866492      20.449061
# Cycle: 43, status: ACC, move: ('s+', 0, 0, 0)
#     Time      Potential        Kinetic
         0      -7.042233      16.436617
         1     -13.473547      22.449076
         2     -11.890424      20.879451
         3      -9.652962      18.702712
         4     -17.252415      25.942209
         5     -19.679069      28.272637
         6     -15.521120      24.371721
         7     -18.430257      27.196588
         8     -22.269325      30.935518
         9     -15.608709      24.675665
        10     -11.706471      20.990164
        11     -15.737711      24.810168
        12     -13.040563      22.256942
        13      -7.783059      17.368691
        14      -9.624313      19.183305
        15     -10.322782      19.910549
        16      -3.142241      13.082315
        17      -5.866975      15.744267
        18     -11.697833      21.283143
        19      -7.529191      17.284522
        20      -1.789871      11.711218
        21      -7.073704      16.671280
        22      -8.008955      17.538988
        23      -3.302980      13.087181
        24      -5.858358      15.497182
# Cycle: 44, status: ACC, move: ('00', 0, 0, 0)
#     Time      Potential        Kinetic
         0      -7.042233      16.436617
         1     -13.473547      22.449076
         2     -11.890424      20.879451
         3      -9.652962      18.702712
         4     -17.252415      25.942209
         5     -19.679069      28.272637
         6     -15.521120      24.371721
         7     -18.430257      27.196588
         8     -22.269325      30.935518
         9     -15.608709      24.675665
        10     -11.706471      20.990164
        11     -15.737711      24.810168
        12     -13.040563      22.256942
        13      -7.783059      17.368691
        14      -9.624313      19.183305
        15     -10.322782      19.910549
        16      -3.142241      13.082315
        17      -5.866975      15.744267
        18     -11.697833      21.283143
        19      -7.529191      17.284522
        20      -1.789871      11.711218
        21      -7.073704      16.671280
        22      -8.008955      17.538988
        23      -3.302980      13.087181
        24      -5.858358      15.497182
# Cycle: 45, status: ACC, move: ('00', 0, 0, 0)
#     Time      Potential        Kinetic
         0      -7.042233      16.436617
         1     -13.473547      22.449076
         2     -11.890424      20.879451
         3      -9.652962      18.702712
         4     -17.252415      25.942209
         5     -19.679069      28.272637
         6     -15.521120      24.371721
         7     -18.430257      27.196588
         8     -22.269325      30.935518
         9     -15.608709      24.675665
        10     -11.706471      20.990164
        11     -15.737711      24.810168
        12     -13.040563      22.256942
        13      -7.783059      17.368691
        14      -9.624313      19.183305
        15     -10.322782      19.910549
        16      -3.142241      13.082315
        17      -5.866975      15.744267
        18     -11.697833      21.283143
        19      -7.529191      17.284522
        20      -1.789871      11.711218
        21      -7.073704      16.671280
        22      -8.008955      17.538988
        23      -3.302980      13.087181
        24      -5.858358      15.497182
# Cycle: 46, status: ACC, move: ('00', 0, 0, 0)
#     Time      Potential        Kinetic
         0      -7.042233      16.436617
         1     -13.473547      22.449076
         2     -11.890424      20.879451
         3      -9.652962      18.702712
         4     -17.252415      25.942209
         5     -19.679069      28.272637
         6     -15.521120      24.371721
         7     -18.430257      27.196588
         8     -22.269325      30.935518
         9     -15.608709      24.675665
        10     -11.706471      20.990164
        11     -15.737711      24.810168
        12     -13.040563      22.256942
        13      -7.783059      17.368691
        14      -9.624313      19.183305
        15     -10.322782      19.910549
        16      -3.142241      13.082315
        17      -5.866975      15.744267
        18     -11.697833      21.283143
        19      -7.529191      17.284522
        20      -1.789871      11.711218
        21      -7.073704      16.671280
        22      -8.008955      17.538988
        23      -3.302980      13.087181
        24      -5.858358      15.497182
# Cycle: 47, status: ACC, move: ('00', 0, 0, 0)
#     Time      Potential        Kinetic
         0      -7.042233      16.436617
         1     -13.473547      22.449076
         2     -11.890424      20.879451
         3      -9.652962      18.702712
         4     -17.252415      25.942209
         5     -19.679069      28.272637
         6     -15.521120      24.371721
         7     -18.430257      27.196588
         8     -22.269325      30.935518
         9     -15.608709      24.675665
        10     -11.706471      20.990164
        11     -15.737711      24.810168
        12     -13.040563      22.256942
        13      -7.783059      17.368691
        14      -9.624313      19.183305
        15     -10.322782      19.910549
        16      -3.142241      13.082315
        17      -5.866975      15.744267
        18     -11.697833      21.283143
        19      -7.529191      17.284522
        20      -1.789871      11.711218
        21      -7.073704      16.671280
        22      -8.008955      17.538988
        23      -3.302980      13.087181
        24      -5.858358      15.497182
# Cycle: 48, status: ACC, move: ('sh', 0.2895662670803835, 21, 18)
#     Time      Potential        Kinetic
         0     -12.070066      26.814165
         1     -14.793736      29.423881
         2     -14.485406      29.146858
         3     -14.155327      28.867348
         4     -17.089967      31.757916
         5     -17.439795      32.254752
         6     -15.403259      30.494714
         7     -13.060236      28.253102
         8     -13.238639      28.397283
         9      -8.070525      23.392598
        10      -5.457264      20.987878
        11      -3.285246      18.843435
        12      -2.962755      18.564378
        13       0.195694      15.600750
        14      -2.917994      18.699336
        15      -8.214382      23.748342
        16      -8.675591      24.139311
        17      -5.034554      20.570235
        18      -7.073704      22.449076
        19     -10.462645      25.662986
        20      -9.365114      24.627353
        21      -9.434651      24.690019
# Cycle: 49, status: ACC, move: ('tr', 0, 0, 0)
#     Time      Potential        Kinetic
         0      -9.434651      24.690019
         1      -9.365114      24.627353
         2     -10.462645      25.662986
         3      -7.073704      22.449076
         4      -5.034554      20.570235
         5      -8.675591      24.139311
         6      -8.214382      23.748342
         7      -2.917994      18.699336
         8       0.195694      15.600750
         9      -2.962755      18.564378
        10      -3.285246      18.843435
        11      -5.457264      20.987878
        12      -8.070525      23.392598
        13     -13.238639      28.397283
        14     -13.060236      28.253102
        15     -15.403259      30.494714
        16     -17.439795      32.254752
        17     -17.089967      31.757916
        18     -14.155327      28.867348
        19     -14.485406      29.146858
        20     -14.793736      29.423881
        21     -12.070066      26.814165
# Cycle: 50, status: ACC, move: ('s+', 0, 0, 0)
#     Time      Potential        Kinetic
         0     -16.317654      26.174797
         1     -10.395200      20.551574
         2      -6.225019      16.637359
         3     -15.687275      25.703715
         4     -18.154852      28.125277
         5      -9.294666      19.636246
         6     -15.702123      25.753200
         7     -21.531698      31.215231
         8     -14.151958      24.213384
         9      -9.098568      19.344855
        10     -18.743237      28.499357
        11     -15.605216      25.382662
        12      -5.034208      15.261071
        13      -9.678132      19.705757
        14     -17.997068      27.707295
        15     -11.433313      21.548439
        16      -6.172896      16.534419
        17     -15.283343      25.288589
        18     -14.166047      24.312028
        19      -5.982311      16.636179
        20      -9.204928      19.715903
        21     -14.335224      24.602402
        22      -5.914926      16.604535
        23      -3.679956      14.441547
        24     -12.351086      22.603225
# Cycle: 51, status: ACC, move: ('s+', 0, 0, 0)
#     Time      Potential        Kinetic
         0      -9.434651      24.690019
         1      -9.365114      24.627353
         2     -10.462645      25.662986
         3      -7.073704      22.449076
         4      -5.034554      20.570235
         5      -8.675591      24.139311
         6      -8.214382      23.748342
         7      -2.917994      18.699336
         8       0.195694      15.600750
         9      -2.962755      18.564378
        10      -3.285246      18.843435
        11      -5.457264      20.987878
        12      -8.070525      23.392598
        13     -13.238639      28.397283
        14     -13.060236      28.253102
        15     -15.403259      30.494714
        16     -17.439795      32.254752
        17     -17.089967      31.757916
        18     -14.155327      28.867348
        19     -14.485406      29.146858
        20     -14.793736      29.423881
        21     -12.070066      26.814165
# Cycle: 52, status: ACC, move: ('s+', 0, 0, 0)
#     Time      Potential        Kinetic
         0     -16.317654      26.174797
         1     -10.395200      20.551574
         2      -6.225019      16.637359
         3     -15.687275      25.703715
         4     -18.154852      28.125277
         5      -9.294666      19.636246
         6     -15.702123      25.753200
         7     -21.531698      31.215231
         8     -14.151958      24.213384
         9      -9.098568      19.344855
        10     -18.743237      28.499357
        11     -15.605216      25.382662
        12      -5.034208      15.261071
        13      -9.678132      19.705757
        14     -17.997068      27.707295
        15     -11.433313      21.548439
        16      -6.172896      16.534419
        17     -15.283343      25.288589
        18     -14.166047      24.312028
        19      -5.982311      16.636179
        20      -9.204928      19.715903
        21     -14.335224      24.602402
        22      -5.914926      16.604535
        23      -3.679956      14.441547
        24     -12.351086      22.603225
# Cycle: 53, status: ACC, move: ('s+', 0, 0, 0)
#     Time      Potential        Kinetic
         0      -9.434651      24.690019
         1      -9.365114      24.627353
         2     -10.462645      25.662986
         3      -7.073704      22.449076
         4      -5.034554      20.570235
         5      -8.675591      24.139311
         6      -8.214382      23.748342
         7      -2.917994      18.699336
         8       0.195694      15.600750
         9      -2.962755      18.564378
        10      -3.285246      18.843435
        11      -5.457264      20.987878
        12      -8.070525      23.392598
        13     -13.238639      28.397283
        14     -13.060236      28.253102
        15     -15.403259      30.494714
        16     -17.439795      32.254752
        17     -17.089967      31.757916
        18     -14.155327      28.867348
        19     -14.485406      29.146858
        20     -14.793736      29.423881
        21     -12.070066      26.814165
# Cycle: 54, status: BTL, move: ('sh', 0.2939399882741357, 2, 0)
#     Time      Potential        Kinetic
         0     -10.462645      22.449076
         1     -11.186354      23.253709
         2      -6.614689      18.960593
         3      -7.103085      19.490115
         4      -8.160805      20.497208
         5      -3.806927      16.386179
         6      -0.579725      13.324382
         7      -3.766734      16.397698
         8      -1.991007      14.706828
         9       1.506433      11.428660
        10      -0.529286      13.405281
        11      -3.686255      16.513194
        12      -2.726561      15.721077
        13      -4.737509      17.653284
        14      -8.204364      20.883741
        15      -3.334408      16.087720
        16       0.498601      12.294657
        17      -3.325894      15.853890
        18      -6.001716      18.404976
        19      -5.706233      18.161029
        20      -8.326791      20.571345
        21     -12.390930      24.353196
        22     -11.082294      23.012099
        23     -13.220659      25.001500
        24     -17.908639      29.398816
        25     -16.316613      27.795232
        26     -12.977171      24.551168
        27     -15.368705      26.770324
        28     -18.520514      29.810753
# Cycle: 55, status: ACC, move: ('tr', 0, 0, 0)
#     Time      Potential        Kinetic
         0     -12.070066      26.814165
         1     -14.793736      29.423881
         2     -14.485406      29.146858
         3     -14.155327      28.867348
         4     -17.089967      31.757916
         5     -17.439795      32.254752
         6     -15.403259      30.494714
         7     -13.060236      28.253102
         8     -13.238639      28.397283
         9      -8.070525      23.392598
        10      -5.457264      20.987878
        11      -3.285246      18.843435
        12      -2.962755      18.564378
        13       0.195694      15.600750
        14      -2.917994      18.699336
        15      -8.214382      23.748342
        16      -8.675591      24.139311
        17      -5.034554      20.570235
        18      -7.073704      22.449076
        19     -10.462645      25.662986
        20      -9.365114      24.627353
        21      -9.434651      24.690019
# Cycle: 56, status: ACC, move: ('00', 0, 0, 0)
#     Time      Potential        Kinetic
         0     -12.070066      26.814165
         1     -14.793736      29.423881
         2     -14.485406      29.146858
         3     -14.155327      28.867348
         4     -17.089967      31.757916
         5     -17.439795      32.254752
         6     -15.403259      30.494714
         7     -13.060236      28.253102
         8     -13.238639      28.397283
         9      -8.070525      23.392598
        10      -5.457264      20.987878
        11      -3.285246      18.843435
        12      -2.962755      18.564378
        13       0.195694      15.600750
        14      -2.917994      18.699336
        15      -8.214382      23.748342
        16      -8.675591      24.139311
        17      -5.034554      20.570235
        18      -7.073704      22.449076
        19     -10.462645      25.662986
        20      -9.365114      24.627353
        21      -9.434651      24.690019
# Cycle: 57, status: ACC, move: ('00', 0, 0, 0)
#     Time      Potential        Kinetic
         0     -12.070066      26.814165
         1     -14.793736      29.423881
         2     -14.485406      29.146858
         3     -14.155327      28.867348
         4     -17.089967      31.757916
         5     -17.439795      32.254752
         6     -15.403259      30.494714
         7     -13.060236      28.253102
         8     -13.238639      28.397283
         9      -8.070525      23.392598
        10      -5.457264      20.987878
        11      -3.285246      18.843435
        12      -2.962755      18.564378
        13       0.195694      15.600750
        14      -2.917994      18.699336
        15      -8.214382      23.748342
        16      -8.675591      24.139311
        17      -5.034554      20.570235
        18      -7.073704      22.449076
        19     -10.462645      25.662986
        20      -9.365114      24.627353
        21      -9.434651      24.690019
# Cycle: 58, status: BTL, move: ('sh', 0.2650851736740949, 7, 0)
#     Time      Potential        Kinetic
         0     -13.060236      22.449076
         1     -16.922877      26.076069
         2     -12.123802      21.522229
         3     -14.633611      24.002931
         4     -19.549989      28.724753
         5     -13.413385      22.896060
         6      -6.911877      16.739920
         7      -9.535152      19.312067
         8      -9.134167      19.020924
         9      -3.182003      13.399705
        10      -4.791845      14.969978
        11      -6.316032      16.347719
        12      -3.224558      13.407291
        13      -2.746259      12.895825
        14      -9.998117      19.784181
        15      -9.761237      19.418880
        16      -9.077637      18.688942
        17     -14.316610      23.554416
        18     -19.894856      28.829696
        19     -17.809623      26.767724
        20     -19.213775      28.048318
        21     -22.164133      30.848116
        22     -19.011984      27.889302
        23     -17.565836      26.615289
        24     -19.317241      28.353286
        25     -18.129658      27.353159
        26      -9.623177      19.218546
        27      -9.335729      19.060868
        28      -7.360622      17.269821
        29      -4.416310      14.667330
