         0          1          0 R M R      31 ACC ki  2.630674416e-01  3.012458020e-01      16      30  0.000000000e+00       0       0  1.000000000e+00
         1          1          0 R M *      50 FTL sh  2.643371127e-01  3.005060575e-01      16       0  2.672679391e-01      13      13  1.000000000e+00
         2          1          0 * * *      49 BTL sh  2.780949885e-01  2.988542532e-01      12       0  2.988542532e-01       1       0  1.000000000e+00
         3          1          0 * * *      35 BTL sh  2.664258166e-01  2.996622703e-01      13      33  2.926167016e-01       4       0  1.000000000e+00
         4          2          1 R M R      31 ACC sh  2.662937728e-01  3.017401241e-01      13      30  2.707788429e-01      20      17  1.000000000e+00
         5          3          1 R M R      31 ACC 00  2.662937728e-01  3.017401241e-01      13      30  2.707788429e-01      20      17  1.000000000e+00
         6          4          1 R M R      31 ACC 00  2.662937728e-01  3.017401241e-01      13      30  2.707788429e-01      20      17  1.000000000e+00
         7          5          1 R M R      31 ACC tr  2.662937728e-01  3.017401241e-01      17       0  0.000000000e+00       0       0  1.000000000e+00
         8          6          1 R M R      31 ACC 00  2.662937728e-01  3.017401241e-01      17       0  0.000000000e+00       0       0  1.000000000e+00
         9          7          2 R M R      26 ACC sh  2.719097149e-01  3.027431702e-01      11       0  2.921130956e-01       5      21  1.000000000e+00
        10          8          2 R M R      26 ACC tr  2.719097149e-01  3.027431702e-01      14      25  0.000000000e+00       0       0  1.000000000e+00
        11          9          3 R M R      28 ACC sh  2.723775179e-01  3.029047573e-01      15       0  2.726606121e-01      13      14  1.000000000e+00
        12         10          3 R M R      33 ACC s+  2.688618194e-01  3.023997616e-01      14       0  0.000000000e+00       0       0  1.000000000e+00
        13         11          3 R M R      33 ACC 00  2.688618194e-01  3.023997616e-01      14       0  0.000000000e+00       0       0  1.000000000e+00
        14         12          4 R M R      18 ACC sh  2.516533321e-01  3.047115129e-01       9       0  2.871828855e-01       5      15  1.000000000e+00
        15         13          4 R M R      18 ACC tr  2.516533321e-01  3.047115129e-01       8      17  0.000000000e+00       0       0  1.000000000e+00
        16         14          5 R M R      20 ACC sh  2.546128177e-01  3.058082562e-01      10       0  2.546128177e-01       7      10  1.000000000e+00
        17         15          6 R M R      25 ACC sh  2.654819112e-01  3.036403898e-01      12       0  2.712879361e-01      14       9  1.000000000e+00
        18         16          6 R M R      25 ACC 00  2.654819112e-01  3.036403898e-01      12       0  2.712879361e-01      14       9  1.000000000e+00
        19         17          6 R M R      25 ACC 00  2.654819112e-01  3.036403898e-01      12       0  2.712879361e-01      14       9  1.000000000e+00
        20         18          6 R M R      25 ACC 00  2.654819112e-01  3.036403898e-01      12       0  2.712879361e-01      14       9  1.000000000e+00
        21         18          6 * * *      25 BTL sh  2.621384280e-01  2.995714860e-01       8      24  2.874750321e-01      20       0  1.000000000e+00
        22         19          6 R M R      30 ACC s+  2.823231493e-01  3.044795109e-01      13      29  0.000000000e+00       0       0  1.000000000e+00
        23         20          7 R M R      37 ACC sh  2.833059897e-01  3.008165636e-01      14      36  2.880128688e-01      19      19  1.000000000e+00
        24         21          7 R M R      37 ACC 00  2.833059897e-01  3.008165636e-01      14      36  2.880128688e-01      19      19  1.000000000e+00
        25         22          7 R M R      37 ACC 00  2.833059897e-01  3.008165636e-01      14      36  2.880128688e-01      19      19  1.000000000e+00
        26         23          7 R M R      37 ACC tr  2.833059897e-01  3.008165636e-01      22       0  0.000000000e+00       0       0  1.000000000e+00
        27         24          7 R M R      37 ACC tr  2.833059897e-01  3.008165636e-01      14      36  0.000000000e+00       0       0  1.000000000e+00
        28         25          7 R M R      37 ACC tr  2.833059897e-01  3.008165636e-01      22       0  0.000000000e+00       0       0  1.000000000e+00
        29         25          7 R M *      50 FTL sh  2.696554812e-01  3.001440119e-01      16       0  2.894749651e-01      15      38  1.000000000e+00
        30         26          7 R M R      27 ACC s+  2.642447744e-01  3.024584680e-01      15       0  0.000000000e+00       0       0  1.000000000e+00
        31         27          8 R M R      25 ACC sh  2.591342410e-01  3.026410716e-01      12      24  2.993418296e-01       1      23  1.000000000e+00
        32         28          8 R M R      25 ACC 00  2.591342410e-01  3.026410716e-01      12      24  2.993418296e-01       1      23  1.000000000e+00
        33         29          9 R M R      22 ACC sh  2.590476710e-01  3.046665051e-01      11       0  2.591342410e-01      12      10  1.000000000e+00
        34         30          9 R M R      29 ACC s+  2.642368029e-01  3.011201436e-01      17       0  0.000000000e+00       0       0  1.000000000e+00
        35         31          9 R M R      22 ACC s+  2.590476710e-01  3.046665051e-01      11       0  0.000000000e+00       0       0  1.000000000e+00
        36         32         10 R M R      25 ACC sh  2.572303874e-01  3.024802960e-01      12       0  2.999475438e-01       1       1  1.000000000e+00
        37         33         10 R M R      25 ACC 00  2.572303874e-01  3.024802960e-01      12       0  2.999475438e-01       1       1  1.000000000e+00
        38         34         10 R M R      28 ACC s+  2.713343163e-01  3.028540587e-01      14       0  0.000000000e+00       0       0  1.000000000e+00
        39         35         10 R M R      28 ACC 00  2.713343163e-01  3.028540587e-01      14       0  0.000000000e+00       0       0  1.000000000e+00
        40         36         10 R M R      25 ACC s+  2.572303874e-01  3.024802960e-01      12       0  0.000000000e+00       0       0  1.000000000e+00
        41         37         10 R M R      28 ACC s+  2.713343163e-01  3.028540587e-01      14       0  0.000000000e+00       0       0  1.000000000e+00
        42         38         10 R M R      28 ACC 00  2.713343163e-01  3.028540587e-01      14       0  0.000000000e+00       0       0  1.000000000e+00
        43         39         10 R M R      25 ACC s+  2.572303874e-01  3.024802960e-01      12       0  0.000000000e+00       0       0  1.000000000e+00
        44         40         10 R M R      25 ACC 00  2.572303874e-01  3.024802960e-01      12       0  0.000000000e+00       0       0  1.000000000e+00
        45         41         10 R M R      25 ACC 00  2.572303874e-01  3.024802960e-01      12       0  0.000000000e+00       0       0  1.000000000e+00
        46         42         10 R M R      25 ACC 00  2.572303874e-01  3.024802960e-01      12       0  0.000000000e+00       0       0  1.000000000e+00
        47         43         10 R M R      25 ACC 00  2.572303874e-01  3.024802960e-01      12       0  0.000000000e+00       0       0  1.000000000e+00
        48         44         11 R M R      22 ACC sh  2.545285147e-01  3.042224243e-01      11      21  2.895662671e-01      21      18  1.000000000e+00
        49         45         11 R M R      22 ACC tr  2.545285147e-01  3.042224243e-01      10       0  0.000000000e+00       0       0  1.000000000e+00
        50         46         11 R M R      25 ACC s+  2.563824432e-01  3.009199877e-01      12       0  0.000000000e+00       0       0  1.000000000e+00
        51         47         11 R M R      22 ACC s+  2.545285147e-01  3.042224243e-01      10       0  0.000000000e+00       0       0  1.000000000e+00
        52         48         11 R M R      25 ACC s+  2.563824432e-01  3.009199877e-01      12       0  0.000000000e+00       0       0  1.000000000e+00
        53         49         11 R M R      22 ACC s+  2.545285147e-01  3.042224243e-01      10       0  0.000000000e+00       0       0  1.000000000e+00
        54         49         11 * * *      29 BTL sh  2.677414890e-01  2.944673425e-01      17       1  2.939399883e-01       2       0  1.000000000e+00
        55         50         11 R M R      22 ACC tr  2.545285147e-01  3.042224243e-01      11      21  0.000000000e+00       0       0  1.000000000e+00
        56         51         11 R M R      22 ACC 00  2.545285147e-01  3.042224243e-01      11      21  0.000000000e+00       0       0  1.000000000e+00
        57         52         11 R M R      22 ACC 00  2.545285147e-01  3.042224243e-01      11      21  0.000000000e+00       0       0  1.000000000e+00
        58         52         11 * * *      30 BTL sh  2.650851737e-01  2.885568387e-01       0      15  2.650851737e-01       7       0  1.000000000e+00
