# Cycle: 54, status: ACC, move: ('wf', 9000, 2, 49)
#     Time      Potential        Kinetic
         0     -24.378613      21.520908            nan            nan
         1     -24.469242      21.615126            nan            nan
         2     -21.945669      19.093233            nan            nan
         3     -19.016052      16.164045            nan            nan
         4     -16.404423      13.552580            nan            nan
         5     -14.247743      11.395834            nan            nan
         6     -12.506550       9.654599            nan            nan
         7     -11.105131       8.253120            nan            nan
         8      -9.972034       7.119969            nan            nan
         9      -9.049193       6.197107            nan            nan
        10      -8.291773       5.439666            nan            nan
        11      -7.665629       4.813497            nan            nan
        12      -7.144806       4.292668            nan            nan
        13      -6.709558       3.857411            nan            nan
        14      -6.344729       3.492561            nan            nan
        15      -6.038589       3.186401            nan            nan
        16      -5.782043       2.929827            nan            nan
        17      -5.567962       2.715730            nan            nan
        18      -5.390758       2.538548            nan            nan
        19      -5.246133       2.393930            nan            nan
        20      -5.130678       2.278498            nan            nan
        21      -5.041850       2.189668            nan            nan
        22      -4.977715       2.125520            nan            nan
        23      -4.936910       2.084702            nan            nan
        24      -4.918593       2.066374            nan            nan
        25      -4.922370       2.070158            nan            nan
        26      -4.948354       2.096132            nan            nan
        27      -4.997054       2.144830            nan            nan
        28      -5.069477       2.217263            nan            nan
        29      -5.167193       2.314969            nan            nan
        30      -5.292289       2.440081            nan            nan
        31      -5.447648       2.595441            nan            nan
        32      -5.636940       2.784737            nan            nan
        33      -5.864882       3.012702            nan            nan
        34      -6.137553       3.285388            nan            nan
        35      -6.462690       3.610530            nan            nan
        36      -6.850220       3.998049            nan            nan
        37      -7.312899       4.460739            nan            nan
        38      -7.867343       5.015192            nan            nan
        39      -8.535220       5.683088            nan            nan
        40      -9.345060       6.492924            nan            nan
        41     -10.334343       7.482224            nan            nan
        42     -11.552183       8.700138            nan            nan
        43     -13.061538      10.209509            nan            nan
        44     -14.937165      12.085169            nan            nan
        45     -17.249836      14.397816            nan            nan
        46     -20.002846      17.150591            nan            nan
        47     -22.926123      20.073059            nan            nan
        48     -24.908901      22.053528            nan            nan
