# Cycle: 54, status: ACC, move: ('wf', 9000, 2, 49)
#     Time       Orderp
         0     0.328770
         1     0.345466
         2     0.361632
         3     0.376515
         4     0.389982
         5     0.402103
         6     0.413008
         7     0.422828
         8     0.431680
         9     0.439667
        10     0.446874
        11     0.453370
        12     0.459218
        13     0.464465
        14     0.469154
        15     0.473320
        16     0.476992
        17     0.480196
        18     0.482951
        19     0.485275
        20     0.487181
        21     0.488680
        22     0.489781
        23     0.490489
        24     0.490809
        25     0.490743
        26     0.490290
        27     0.489447
        28     0.488211
        29     0.486573
        30     0.484526
        31     0.482056
        32     0.479149
        33     0.475787
        34     0.471949
        35     0.467607
        36     0.462730
        37     0.457282
        38     0.451218
        39     0.444485
        40     0.437020
        41     0.428746
        42     0.419575
        43     0.409397
        44     0.398090
        45     0.385520
        46     0.371570
        47     0.356212
        48     0.339728
