# Cycle: 30, status: ACC, move: ('wf', 9000, 3, 34)
#     Time      Potential        Kinetic
         0     -24.974535      22.230263            nan            nan
         1     -23.542280      21.049365            nan            nan
         2     -20.800127      18.480323            nan            nan
         3     -18.083676      15.890433            nan            nan
         4     -15.777832      13.462589            nan            nan
         5     -13.914266      11.762771            nan            nan
         6     -12.431638      10.238983            nan            nan
         7     -11.251479       8.999798            nan            nan
         8     -10.310532       8.078156            nan            nan
         9      -9.568715       7.314718            nan            nan
        10      -8.980071       6.487456            nan            nan
        11      -8.511855       5.994363            nan            nan
        12      -8.144884       5.636510            nan            nan
        13      -7.877995       5.283560            nan            nan
        14      -7.701442       4.896011            nan            nan
        15      -7.598673       4.940741            nan            nan
        16      -7.558326       4.749915            nan            nan
        17      -7.572219       4.639591            nan            nan
        18      -7.652423       4.819199            nan            nan
        19      -7.804176       4.921003            nan            nan
        20      -8.033583       4.974773            nan            nan
        21      -8.338332       5.094066            nan            nan
        22      -8.737004       5.568632            nan            nan
        23      -9.259274       6.250521            nan            nan
        24      -9.921302       7.092761            nan            nan
        25     -10.748475       7.742643            nan            nan
        26     -11.768168       8.727958            nan            nan
        27     -13.061320      10.112745            nan            nan
        28     -14.693708      11.779486            nan            nan
        29     -16.735217      13.827070            nan            nan
        30     -19.218081      16.143037            nan            nan
        31     -22.017010      19.075596            nan            nan
        32     -24.461072      21.448374            nan            nan
        33     -24.450213      21.279687            nan            nan
