         0          1          0 L M R      36 ACC ki  2.953448477e-01  5.012290389e-01       0      35  0.000000000e+00       0       0  1.000000000e+00
         1          1          0 L * L      21 NCR sh  2.963732946e-01  3.139226358e-01       0       8  3.017176796e-01       1      17  1.000000000e+00
         2          1          0 * * *      41 BTL sh  3.244137014e-01  3.465531630e-01       0      14  3.244137014e-01       4       0  1.000000000e+00
         3          1          0 * M R      17 BWI sh  4.209282219e-01  5.008867844e-01       0      16  4.209282219e-01      20       0  1.000000000e+00
         4          1          0 * * *      39 BTL sh  3.963762536e-01  4.473192747e-01      38       1  4.468854719e-01      24       0  1.000000000e+00
         5          2          0 L M R      43 ACC s-  2.953216052e-01  5.036567056e-01       0      42  0.000000000e+00       0       0  1.000000000e+00
         6          3          0 L M R      36 ACC s-  2.953448477e-01  5.012290389e-01       0      35  0.000000000e+00       0       0  1.000000000e+00
         7          3          0 R M L      36 BWI tr  2.953448477e-01  5.012290389e-01      35       0  0.000000000e+00       0       0  1.000000000e+00
         8          4          0 L M R      43 ACC s-  2.953216052e-01  5.036567056e-01       0      42  0.000000000e+00       0       0  1.000000000e+00
         9          4          0 * M *      43 BTL sh  4.425720363e-01  4.574127286e-01       0      36  4.425720363e-01      25       0  1.000000000e+00
        10          4          0 R M L      43 BWI tr  2.953216052e-01  5.036567056e-01      42       0  0.000000000e+00       0       0  1.000000000e+00
        11          4          0 * * L      52 BTL sh  2.998115191e-01  3.731690039e-01      51      23  3.124999311e-01       2       0  1.000000000e+00
        12          5          0 L M R      43 ACC 00  2.953216052e-01  5.036567056e-01       0      42  0.000000000e+00       0       0  1.000000000e+00
        13          6          0 L M R      48 ACC s-  2.941697640e-01  5.014697206e-01       0      47  4.524238566e-01      25      33  1.000000000e+00
        14          7          1 L M R      54 ACC sh  2.968466333e-01  5.037123427e-01       0      53  4.212716857e-01      24      26  1.000000000e+00
        15          7          1 R M L      54 BWI tr  2.968466333e-01  5.037123427e-01      53       0  0.000000000e+00       0       0  1.000000000e+00
        16          7          1 * * *      57 BTL sh  3.881541554e-01  4.179494651e-01      56      20  3.931309083e-01      18       0  1.000000000e+00
        17          7          1 L * L      68 NCR sh  2.961586615e-01  3.792707637e-01      67      33  3.783697725e-01      14      32  1.000000000e+00
        18          7          1 L * L     100 NCR s-  2.941813614e-01  4.297396425e-01      99      41  3.878555777e-01      14      81  1.000000000e+00
        19          7          1 L * L     100 NCR s-  2.941813614e-01  4.297396425e-01      99      41  3.878555777e-01      14      81  1.000000000e+00
        20          7          1 L * L     100 NCR s-  2.941813614e-01  4.297396425e-01      99      41  3.878555777e-01      14      81  1.000000000e+00
        21          7          1 L * L     111 NCR sh  2.933970004e-01  4.022671831e-01       0      41  4.022671831e-01      21      41  1.000000000e+00
        22          8          1 L M R      54 ACC 00  2.968466333e-01  5.037123427e-01       0      53  4.212716857e-01      24      26  1.000000000e+00
        23          9          2 L M R      40 ACC sh  2.960721817e-01  5.033218792e-01       0      39  4.999558124e-01      52      38  1.000000000e+00
        24          9          2 L * L      88 NCR s-  2.963493474e-01  4.028097446e-01      87      48  3.508431404e-01      70      76  1.000000000e+00
        25          9          2 L * L      88 NCR s-  2.963493474e-01  4.028097446e-01      87      48  3.508431404e-01      70      76  1.000000000e+00
        26          9          2 R M L      40 BWI tr  2.960721817e-01  5.033218792e-01      39       0  0.000000000e+00       0       0  1.000000000e+00
        27          9          2 R M L      40 BWI tr  2.960721817e-01  5.033218792e-01      39       0  0.000000000e+00       0       0  1.000000000e+00
        28          9          2 R M L      40 BWI tr  2.960721817e-01  5.033218792e-01      39       0  0.000000000e+00       0       0  1.000000000e+00
        29          9          2 L * *      45 FTL sh  2.988004224e-01  4.093395723e-01       0      37  4.092895030e-01      16      38  1.000000000e+00
        30         10          2 L M R      40 ACC 00  2.960721817e-01  5.033218792e-01       0      39  4.999558124e-01      52      38  1.000000000e+00
        31         10          2 L M *      82 FTL sh  2.932071617e-01  4.523478384e-01       0      61  4.243641258e-01      19      31  1.000000000e+00
        32         10          2 L * L      88 NCR s-  2.963493474e-01  4.028097446e-01       0      39  0.000000000e+00       0       0  1.000000000e+00
        33         10          2 * M *      49 BTL sh  3.610505936e-01  4.673004090e-01      48       1  4.663012069e-01      30       0  1.000000000e+00
        34         11          2 L M R      40 ACC 00  2.960721817e-01  5.033218792e-01       0      39  4.999558124e-01      52      38  1.000000000e+00
        35         12          2 L M R      40 ACC 00  2.960721817e-01  5.033218792e-01       0      39  4.999558124e-01      52      38  1.000000000e+00
        36         12          2 * * *      53 BTL sh  3.992455945e-01  4.382238843e-01      52      29  4.034548859e-01      15       0  1.000000000e+00
        37         12          2 L * L      75 NCR s-  2.957508246e-01  4.133102777e-01      74      40  3.707415791e-01      20      14  1.000000000e+00
        38         13          2 L M R      40 ACC 00  2.960721817e-01  5.033218792e-01       0      39  4.999558124e-01      52      38  1.000000000e+00
        39         13          2 L * L      75 NCR s-  2.957508246e-01  4.133102777e-01      74      40  3.707415791e-01      20      14  1.000000000e+00
        40         14          2 L M R      40 ACC 00  2.960721817e-01  5.033218792e-01       0      39  4.999558124e-01      52      38  1.000000000e+00
        41         15          2 L M R      40 ACC 00  2.960721817e-01  5.033218792e-01       0      39  4.999558124e-01      52      38  1.000000000e+00
        42         15          2 L * L      75 NCR s-  2.957508246e-01  4.133102777e-01      74      40  3.707415791e-01      20      14  1.000000000e+00
        43         16          2 L M R      40 ACC 00  2.960721817e-01  5.033218792e-01       0      39  4.999558124e-01      52      38  1.000000000e+00
        44         16          2 L * L      75 NCR s-  2.957508246e-01  4.133102777e-01      74      40  3.707415791e-01      20      14  1.000000000e+00
        45         16          2 L * L      75 NCR s-  2.957508246e-01  4.133102777e-01      74      40  3.707415791e-01      20      14  1.000000000e+00
        46         16          2 L * L      75 NCR s-  2.957508246e-01  4.133102777e-01      74      40  3.707415791e-01      20      14  1.000000000e+00
        47         16          2 L * L      75 NCR s-  2.957508246e-01  4.133102777e-01      74      40  3.707415791e-01      20      14  1.000000000e+00
        48         16          2 L * L      37 NCR sh  2.969787840e-01  3.385016896e-01       0      22  3.150105929e-01       2       4  1.000000000e+00
        49         16          2 R M L      40 BWI tr  2.960721817e-01  5.033218792e-01      39       0  0.000000000e+00       0       0  1.000000000e+00
        50         17          2 L M R      40 ACC 00  2.960721817e-01  5.033218792e-01       0      39  4.999558124e-01      52      38  1.000000000e+00
        51         18          2 L M R      40 ACC 00  2.960721817e-01  5.033218792e-01       0      39  4.999558124e-01      52      38  1.000000000e+00
        52         19          2 L M R      40 ACC 00  2.960721817e-01  5.033218792e-01       0      39  4.999558124e-01      52      38  1.000000000e+00
        53         20          2 L M R      40 ACC 00  2.960721817e-01  5.033218792e-01       0      39  4.999558124e-01      52      38  1.000000000e+00
        54         20          2 L M *      74 FTL sh  2.963038766e-01  4.841028644e-01       0      72  4.809504706e-01      33      63  1.000000000e+00
        55         20          2 R M L      40 BWI tr  2.960721817e-01  5.033218792e-01      39       0  0.000000000e+00       0       0  1.000000000e+00
        56         20          2 L * L      96 NCR s-  2.962217539e-01  4.137042573e-01       0      50  0.000000000e+00       0       0  1.000000000e+00
        57         20          2 L * L      96 NCR s-  2.962217539e-01  4.137042573e-01       0      50  0.000000000e+00       0       0  1.000000000e+00
        58         21          3 L M R      41 ACC sh  2.996389215e-01  5.006006830e-01       0      40  4.421348460e-01      24      25  1.000000000e+00
