# Cycle: 92, status: ACC, move: ('sh', 0.3300502750137107, 8, 8)
#     Time      Potential        Kinetic
         0     -24.374378       3.392600            nan            nan
         1     -24.735577       3.753730            nan            nan
         2     -24.955759       3.973849            nan            nan
         3     -24.915569       3.933636            nan            nan
         4     -24.597521       3.615708            nan            nan
         5     -24.179344       3.197774            nan            nan
         6     -23.973122       2.991775            nan            nan
         7     -24.153084       3.171625            nan            nan
         8     -24.566517       3.584911            nan            nan
         9     -24.900665       3.918975            nan            nan
        10     -24.962799       3.981133            nan            nan
        11     -24.758278       3.776700            nan            nan
        12     -24.402761       3.421258            nan            nan
