#       time      orderparam
         0      0.25356600
         1      0.32651900
         2      0.32849300
         3      0.32607900
         4      0.32849300
         5      0.32788200
         6      0.32912400
         7      0.32849300
         8      0.32607900
         9      0.32721800
        10      0.32500800
        11      0.32730500
        12      0.32851600
        13      0.32730500
        14      0.32849300
        15      0.32730500
        16      0.32851600
        17      0.32912400
        18      0.32788200
        19      0.32849300
        20      0.32851600
        21      0.32578200
        22      0.32730500
        23      0.32912400
        24      0.32578200
        25      0.32849300
        26      0.25356600
