# Cycle: 199978, status: ACC, move: ('sh', -0.462982953, 18, 25)
#     Time      Potential        Kinetic
         0      -0.606880       0.281530            nan            nan
         1      -0.580053       0.233902            nan            nan
         2      -0.554071       0.214202            nan            nan
         3      -0.529488       0.195769            nan            nan
         4      -0.505741       0.189032            nan            nan
         5      -0.483588       0.152071            nan            nan
         6      -0.463577       0.116277            nan            nan
         7      -0.445741       0.113678            nan            nan
         8      -0.428422       0.096283            nan            nan
         9      -0.412870       0.076556            nan            nan
        10      -0.399495       0.048882            nan            nan
        11      -0.389373       0.026151            nan            nan
        12      -0.381721       0.016019            nan            nan
        13      -0.374721       0.021775            nan            nan
        14      -0.368354       0.014182            nan            nan
        15      -0.363245       0.006772            nan            nan
        16      -0.359167       0.004237            nan            nan
        17      -0.356251       0.001839            nan            nan
        18      -0.354345       0.000412            nan            nan
        19      -0.353059       0.000015            nan            nan
        20      -0.353606       0.000580            nan            nan
        21      -0.356378       0.005965            nan            nan
        22      -0.360754       0.005958            nan            nan
        23      -0.365600       0.016204            nan            nan
        24      -0.373672       0.035776            nan            nan
        25      -0.382759       0.036635            nan            nan
        26      -0.392582       0.045108            nan            nan
        27      -0.404162       0.052192            nan            nan
        28      -0.417019       0.067788            nan            nan
        29      -0.432787       0.089315            nan            nan
        30      -0.448886       0.088376            nan            nan
        31      -0.465640       0.106086            nan            nan
        32      -0.484893       0.152672            nan            nan
        33      -0.507141       0.183700            nan            nan
        34      -0.530952       0.201482            nan            nan
        35      -0.555898       0.216728            nan            nan
        36      -0.581334       0.244787            nan            nan
        37      -0.607965       0.248653            nan            nan
