# Cycle: 199978, status: ACC, move: ('sh', -0.462982953, 18, 25)
#     Time       Orderp
         0    -0.610743
         1    -0.593268
         2    -0.576386
         3    -0.560412
         4    -0.544945
         5    -0.530454
         6    -0.517292
         7    -0.505484
         8    -0.493935
         9    -0.483483
        10    -0.474423
        11    -0.467519
        12    -0.462269
        13    -0.457443
        14    -0.453032
        15    -0.449478
        16    -0.446631
        17    -0.444590
        18    -0.443253
        19    -0.442350
        20    -0.442734
        21    -0.444679
        22    -0.447740
        23    -0.451118
        24    -0.456718
        25    -0.462983
        26    -0.469712
        27    -0.477592
        28    -0.486280
        29    -0.496855
        30    -0.507572
        31    -0.518653
        32    -0.531310
        33    -0.545858
        34    -0.561364
        35    -0.577573
        36    -0.594101
        37    -0.611452
