# Preparing propagation with AMS engine
# Trajectory label: 2_trajF
# Initial file: /home/konrad/AMS_test/pyretis_test/water_dimer/001/generate/2_conf.rkf
# Initial config: /home/konrad/AMS_test/pyretis_test/water_dimer/001/generate/2_conf.rkf
# Interfaces: (0.3, 0.3, 0.5)
# Initial order parameter: 0.30455686010850674
0 0.30455686010850674
1 0.3113437538942682
2 0.31659998369570097
3 0.32168129926535455
4 0.3272599867748256
5 0.33129238756885687
6 0.33495073046796525
7 0.3391021132359384
8 0.34164481072808184
9 0.34442248527687214
10 0.34817252341190325
11 0.3496709665677755
12 0.3533344658034697
13 0.35593448133493705
14 0.358217549672176
15 0.36077479906099363
16 0.36364286105548643
17 0.36447051305381806
18 0.367148278389704
19 0.3680569605636901
20 0.3688940798888324
21 0.36979240480624875
22 0.37012903244312956
23 0.3695179897888288
24 0.37002071429516853
25 0.36862795364976453
26 0.3681133293686316
27 0.36761919033533436
28 0.3658944449595637
29 0.3656349561768507
30 0.3647480272851662
31 0.3632805531675735
32 0.36277497171947654
33 0.3618985457485013
34 0.35946328433830343
35 0.3591938354606506
36 0.3564339448716456
37 0.3545782629151528
38 0.3524112676091589
39 0.3500105203453698
40 0.3466888918955047
41 0.3448639309954477
42 0.34049100350751427
43 0.33749858414002276
44 0.3333486180365739
45 0.3282524153503224
46 0.3235564648525069
47 0.31808624760764037
48 0.3118099901357906
49 0.30649570724058317
50 0.3001865472081291
51 0.2929721341134079
# Propagation done.
