         0          1          0 L M L      51 ACC ki  2.960693365e-01  3.640070449e-01      50      22  0.000000000e+00       0       0  1.000000000e+00
         1          1          0 L * L      43 NCR sh  2.960014593e-01  3.463071075e-01       0      20  3.227248683e-01      45      36  1.000000000e+00
         2          1          0 L * L      24 NCR sh  2.960765087e-01  3.088700299e-01      23       7  3.021791720e-01       1       2  1.000000000e+00
         3          1          0 L * L      39 NCR sh  2.952047517e-01  3.345552517e-01       0      24  3.186016550e-01       4       5  1.000000000e+00
         4          2          1 L M L      53 ACC sh  2.961471038e-01  3.795844242e-01      52      24  3.636429350e-01      20      14  1.000000000e+00
         5          2          1 L * L       3 NCR s-  2.988542532e-01  3.007890721e-01       0       1  0.000000000e+00       0       0  1.000000000e+00
         6          2          1 L * L       3 NCR s-  2.988542532e-01  3.007890721e-01       0       1  0.000000000e+00       0       0  1.000000000e+00
         7          3          1 L M L      53 ACC tr  2.961471038e-01  3.795844242e-01       0      28  0.000000000e+00       0       0  1.000000000e+00
         8          3          1 L * L       3 NCR s-  2.988542532e-01  3.007890721e-01       0       1  0.000000000e+00       0       0  1.000000000e+00
         9          4          2 L M L      50 ACC sh  2.960101674e-01  3.818596372e-01       0      25  3.667402185e-01      37      35  1.000000000e+00
        10          5          2 L M L      50 ACC tr  2.960101674e-01  3.818596372e-01      49      24  0.000000000e+00       0       0  1.000000000e+00
        11          5          2 L M *      51 FTL sh  2.954865136e-01  4.008812589e-01       0      40  3.807597451e-01      25      21  1.000000000e+00
        12          5          2 L M R      48 NCR s+  2.941697640e-01  5.014697206e-01       0      47  4.524238566e-01      25      33  1.000000000e+00
        13          5          2 L * L      26 NCR s-  2.972647078e-01  3.189978828e-01      25      16  0.000000000e+00       0       0  1.000000000e+00
        14          5          2 L * L      20 NCR sh  2.990110391e-01  3.151312047e-01      19      10  3.121938320e-01       2       6  1.000000000e+00
        15          6          2 L M L      50 ACC tr  2.960101674e-01  3.818596372e-01       0      25  0.000000000e+00       0       0  1.000000000e+00
        16          6          2 * * *     101 BTL sh  3.533904042e-01  4.137447989e-01     100      37  3.807597451e-01      24       0  1.000000000e+00
        17          6          2 * * R      22 BWI sh  3.749870966e-01  5.019360031e-01       0      21  3.749870966e-01      18       0  1.000000000e+00
        18          6          2 L * L      38 NCR s-  2.992366452e-01  3.325419545e-01       0      25  3.218951907e-01      21      13  1.000000000e+00
        19          6          2 L * L      38 NCR s-  2.992366452e-01  3.325419545e-01       0      25  3.218951907e-01      21      13  1.000000000e+00
        20          6          2 L * L      38 NCR s-  2.992366452e-01  3.325419545e-01       0      25  3.218951907e-01      21      13  1.000000000e+00
        21          7          3 L M L      56 ACC sh  2.933355030e-01  3.937715574e-01      55      26  3.658460050e-01      14      42  1.000000000e+00
        22          7          3 L M L      80 NCR s+  2.951111993e-01  4.119737600e-01       0      41  3.968691012e-01      21      54  1.000000000e+00
        23          8          4 L M L      83 ACC sh  2.926903286e-01  4.087194960e-01       0      41  3.883064094e-01      21      20  1.000000000e+00
        24          8          4 L * L      39 NCR s-  2.955103872e-01  3.482598700e-01       0      19  3.295652291e-01      30       8  1.000000000e+00
        25          8          4 L * L      39 NCR s-  2.955103872e-01  3.482598700e-01       0      19  3.295652291e-01      30       8  1.000000000e+00
        26          9          4 L M L      83 ACC tr  2.926903286e-01  4.087194960e-01      82      41  0.000000000e+00       0       0  1.000000000e+00
        27         10          4 L M L      83 ACC tr  2.926903286e-01  4.087194960e-01       0      41  0.000000000e+00       0       0  1.000000000e+00
        28         11          4 L M L      83 ACC tr  2.926903286e-01  4.087194960e-01      82      41  0.000000000e+00       0       0  1.000000000e+00
        29         12          5 L M L      49 ACC sh  2.961515715e-01  3.659795221e-01       0      25  3.651193419e-01      70      24  1.000000000e+00
        30         12          5 L M L      88 NCR s+  2.963493474e-01  4.028097446e-01       0      39  0.000000000e+00       0       0  1.000000000e+00
        31         12          5 L * L       7 NCR sh  2.981872427e-01  3.032242383e-01       0       3  3.019895638e-01       1       2  1.000000000e+00
        32         12          5 L * L      10 NCR s-  2.992003177e-01  3.049325970e-01       0       5  0.000000000e+00       0       0  1.000000000e+00
        33         13          6 L M L      48 ACC sh  2.950098671e-01  3.697996188e-01      47      23  3.659795221e-01      25      29  1.000000000e+00
        34         13          6 L M L      75 NCR s+  2.957508246e-01  4.133102777e-01      74      40  3.707415791e-01      20      14  1.000000000e+00
        35         13          6 L M L      75 NCR s+  2.957508246e-01  4.133102777e-01      74      40  3.707415791e-01      20      14  1.000000000e+00
        36         14          7 L M L      52 ACC sh  2.960439901e-01  3.664515930e-01      51      25  3.633803720e-01      30      21  1.000000000e+00
        37         14          7 L * L      20 NCR s-  2.979978978e-01  3.165791157e-01       0      11  3.014575343e-01       6       2  1.000000000e+00
        38         14          7 L M L      75 NCR s+  2.957508246e-01  4.133102777e-01      74      40  3.707415791e-01      20      14  1.000000000e+00
        39         14          7 L * L      18 NCR s-  2.971936017e-01  3.138716202e-01       0       9  0.000000000e+00       0       0  1.000000000e+00
        40         14          7 L M L      75 NCR s+  2.957508246e-01  4.133102777e-01      74      40  3.707415791e-01      20      14  1.000000000e+00
        41         14          7 L M L      75 NCR s+  2.957508246e-01  4.133102777e-01      74      40  3.707415791e-01      20      14  1.000000000e+00
        42         14          7 L * L      18 NCR s-  2.971936017e-01  3.138716202e-01       0       9  0.000000000e+00       0       0  1.000000000e+00
        43         14          7 L M L      75 NCR s+  2.957508246e-01  4.133102777e-01      74      40  3.707415791e-01      20      14  1.000000000e+00
        44         14          7 L * L      20 NCR s-  2.979978978e-01  3.165791157e-01       0      11  0.000000000e+00       0       0  1.000000000e+00
        45         14          7 L * L      20 NCR s-  2.979978978e-01  3.165791157e-01       0      11  0.000000000e+00       0       0  1.000000000e+00
        46         14          7 L * L      20 NCR s-  2.979978978e-01  3.165791157e-01       0      11  0.000000000e+00       0       0  1.000000000e+00
        47         14          7 L * L      20 NCR s-  2.979978978e-01  3.165791157e-01       0      11  0.000000000e+00       0       0  1.000000000e+00
        48         15          8 L M L      41 ACC sh  2.953611092e-01  3.558843299e-01       0      19  3.540671779e-01      15      23  1.000000000e+00
        49         16          8 L M L      41 ACC tr  2.953611092e-01  3.558843299e-01      40      21  0.000000000e+00       0       0  1.000000000e+00
        50         16          8 L M L      75 NCR s+  2.957508246e-01  4.133102777e-01       0      34  0.000000000e+00       0       0  1.000000000e+00
        51         16          8 L M L      75 NCR s+  2.957508246e-01  4.133102777e-01       0      34  0.000000000e+00       0       0  1.000000000e+00
        52         16          8 L M L      75 NCR s+  2.957508246e-01  4.133102777e-01       0      34  0.000000000e+00       0       0  1.000000000e+00
        53         16          8 L M L      75 NCR s+  2.957508246e-01  4.133102777e-01       0      34  0.000000000e+00       0       0  1.000000000e+00
        54         16          8 L * L      27 NCR sh  2.941681880e-01  3.303106844e-01      26      14  3.105104380e-01       2       3  1.000000000e+00
        55         17          8 L M L      41 ACC tr  2.953611092e-01  3.558843299e-01       0      19  0.000000000e+00       0       0  1.000000000e+00
        56         17          8 L * L      15 NCR s-  2.951205073e-01  3.101899170e-01      14       7  0.000000000e+00       0       0  1.000000000e+00
        57         17          8 L * L      15 NCR s-  2.951205073e-01  3.101899170e-01      14       7  0.000000000e+00       0       0  1.000000000e+00
        58         17          8 L * L      43 NCR sh  2.973808549e-01  3.343963086e-01      42      28  3.338735560e-01      33      25  1.000000000e+00
