# Cycle: 50, status: ACC, move: ('wf', 9000, 3, 26)
#     Time      Potential        Kinetic
         0     -24.903795      18.753862            nan            nan
         1     -23.283216      17.358307            nan            nan
         2     -20.861068      14.886193            nan            nan
         3     -18.536077      12.477635            nan            nan
         4     -16.570823      10.574972            nan            nan
         5     -14.991689       8.953337            nan            nan
         6     -13.733040       7.812656            nan            nan
         7     -12.755247       6.784280            nan            nan
         8     -11.998443       6.005231            nan            nan
         9     -11.449392       5.388598            nan            nan
        10     -11.068201       5.010029            nan            nan
        11     -10.825490       4.712176            nan            nan
        12     -10.714567       4.730574            nan            nan
        13     -10.725008       4.971630            nan            nan
        14     -10.866294       5.225181            nan            nan
        15     -11.143516       5.497343            nan            nan
        16     -11.556813       5.828715            nan            nan
        17     -12.122451       6.380602            nan            nan
        18     -12.873583       6.945668            nan            nan
        19     -13.854346       7.871415            nan            nan
        20     -15.109473       8.955257            nan            nan
        21     -16.675750      10.437835            nan            nan
        22     -18.603033      12.681541            nan            nan
        23     -20.871860      14.969862            nan            nan
        24     -23.228286      17.262573            nan            nan
        25     -24.870310      18.804892            nan            nan
