# Cycle: 0, status: ACC, move: ('ki', 0, 0, 0)
#     Time       Orderp
         0     0.300583
         1     0.298854
         2     0.297146
         3     0.295826
         4     0.292617
         5     0.291456
         6     0.287788
         7     0.285928
         8     0.282572
         9     0.280048
        10     0.275352
        11     0.273080
        12     0.268299
        13     0.267268
        14     0.264871
        15     0.264182
        16     0.263067
        17     0.264352
        18     0.265008
        19     0.268701
        20     0.270779
        21     0.273615
        22     0.277151
        23     0.280603
        24     0.284226
        25     0.288031
        26     0.290487
        27     0.293181
        28     0.296294
        29     0.298106
        30     0.301246
