# Cycle: 0, status: ACC, move: ('ki', 0, 0, 0)
#     Time       Orderp
         0     0.295322
         1     0.303561
         2     0.312500
         3     0.320280
         4     0.328668
         5     0.334986
         6     0.341863
         7     0.347748
         8     0.353727
         9     0.359466
        10     0.365604
        11     0.371114
        12     0.377077
        13     0.382667
        14     0.387856
        15     0.393337
        16     0.398281
        17     0.403314
        18     0.408359
        19     0.413419
        20     0.418249
        21     0.423561
        22     0.428209
        23     0.433348
        24     0.438002
        25     0.442572
        26     0.446885
        27     0.451138
        28     0.454547
        29     0.458537
        30     0.461549
        31     0.465007
        32     0.467996
        33     0.471494
        34     0.474315
        35     0.478070
        36     0.481142
        37     0.484889
        38     0.488348
        39     0.492223
        40     0.495853
        41     0.499886
        42     0.503657
# Cycle: 1, status: BTL, move: ('sh', 0.3035610661499253, 1, 0)
#     Time       Orderp
         0     0.303561
         1     0.311604
         2     0.318160
         3     0.325897
         4     0.331406
         5     0.337026
         6     0.342139
         7     0.347188
         8     0.351508
         9     0.357239
        10     0.361581
        11     0.366861
        12     0.371825
        13     0.376508
        14     0.381223
        15     0.385641
        16     0.389359
        17     0.393132
        18     0.395732
        19     0.398206
        20     0.400114
        21     0.401724
        22     0.402894
        23     0.404477
        24     0.405629
        25     0.406944
        26     0.408774
        27     0.410271
        28     0.412267
        29     0.414425
        30     0.416763
        31     0.419036
        32     0.422075
        33     0.424544
        34     0.427741
        35     0.430731
        36     0.433712
        37     0.436895
        38     0.439517
        39     0.442289
        40     0.444718
        41     0.446547
        42     0.448677
        43     0.450082
        44     0.451292
        45     0.452520
        46     0.453336
        47     0.453661
        48     0.454403
        49     0.454520
        50     0.454258
        51     0.454900
        52     0.454349
        53     0.454673
        54     0.454669
        55     0.455191
        56     0.454908
        57     0.456165
        58     0.455900
        59     0.456871
        60     0.457253
        61     0.457570
        62     0.458070
        63     0.458237
        64     0.458138
        65     0.458299
        66     0.457794
        67     0.457228
        68     0.456817
# Cycle: 2, status: NCR, move: ('sh', 0.3286676923860377, 4, 12)
#     Time       Orderp
         0     0.299037
         1     0.303058
         2     0.306052
         3     0.309757
         4     0.312229
         5     0.314968
         6     0.317663
         7     0.319936
         8     0.322188
         9     0.324588
        10     0.325916
        11     0.327386
        12     0.328668
        13     0.327936
        14     0.328908
        15     0.327715
        16     0.327353
        17     0.326359
        18     0.325992
        19     0.324339
        20     0.324563
        21     0.322237
        22     0.321778
        23     0.319524
        24     0.317288
        25     0.313968
        26     0.311430
        27     0.305893
        28     0.302599
        29     0.296988
# Cycle: 3, status: BTL, move: ('sh', 0.4182485836278366, 20, 0)
#     Time       Orderp
         0     0.418249
         1     0.419138
         2     0.419184
         3     0.420651
         4     0.421424
         5     0.423522
         6     0.425003
         7     0.428129
         8     0.429569
         9     0.432827
        10     0.434042
        11     0.436547
        12     0.437443
        13     0.439246
        14     0.439979
        15     0.441383
        16     0.442059
        17     0.443167
        18     0.443934
        19     0.444530
        20     0.445401
        21     0.445722
        22     0.446467
        23     0.446736
        24     0.447848
        25     0.447916
        26     0.449465
        27     0.449896
        28     0.451245
        29     0.452214
        30     0.453395
        31     0.454402
        32     0.455638
        33     0.456501
        34     0.457476
        35     0.458306
        36     0.458585
        37     0.459117
        38     0.458712
        39     0.458775
        40     0.457821
        41     0.457733
        42     0.456601
        43     0.456547
        44     0.455872
        45     0.455999
        46     0.456101
        47     0.456569
        48     0.457641
        49     0.458188
        50     0.460097
        51     0.460672
        52     0.462517
        53     0.463005
        54     0.464490
        55     0.464201
        56     0.465345
        57     0.464641
        58     0.464892
        59     0.464357
        60     0.463914
        61     0.463059
        62     0.462218
        63     0.460896
# Cycle: 4, status: BWI, move: ('sh', 0.4848889516220266, 37, 0)
#     Time       Orderp
         0     0.484889
         1     0.487146
         2     0.489414
         3     0.491738
         4     0.494259
         5     0.495912
         6     0.498344
         7     0.499559
         8     0.501455
# Cycle: 5, status: ACC, move: ('s+', 0, 0, 0)
#     Time       Orderp
         0     0.295345
         1     0.301718
         2     0.308927
         3     0.316523
         4     0.324414
         5     0.332518
         6     0.340454
         7     0.347450
         8     0.353079
         9     0.358425
        10     0.362936
        11     0.367401
        12     0.371916
        13     0.377089
        14     0.382412
        15     0.387922
        16     0.394196
        17     0.400814
        18     0.406918
        19     0.414566
        20     0.420928
        21     0.428262
        22     0.434627
        23     0.441189
        24     0.446885
        25     0.452424
        26     0.457236
        27     0.462359
        28     0.466782
        29     0.471371
        30     0.476315
        31     0.480857
        32     0.485691
        33     0.490981
        34     0.496133
        35     0.501229
# Cycle: 6, status: ACC, move: ('s+', 0, 0, 0)
#     Time       Orderp
         0     0.295322
         1     0.303561
         2     0.312500
         3     0.320280
         4     0.328668
         5     0.334986
         6     0.341863
         7     0.347748
         8     0.353727
         9     0.359466
        10     0.365604
        11     0.371114
        12     0.377077
        13     0.382667
        14     0.387856
        15     0.393337
        16     0.398281
        17     0.403314
        18     0.408359
        19     0.413419
        20     0.418249
        21     0.423561
        22     0.428209
        23     0.433348
        24     0.438002
        25     0.442572
        26     0.446885
        27     0.451138
        28     0.454547
        29     0.458537
        30     0.461549
        31     0.465007
        32     0.467996
        33     0.471494
        34     0.474315
        35     0.478070
        36     0.481142
        37     0.484889
        38     0.488348
        39     0.492223
        40     0.495853
        41     0.499886
        42     0.503657
# Cycle: 7, status: BWI, move: ('tr', 0, 0, 0)
#     Time       Orderp
         0     0.503657
         1     0.499886
         2     0.495853
         3     0.492223
         4     0.488348
         5     0.484889
         6     0.481142
         7     0.478070
         8     0.474315
         9     0.471494
        10     0.467996
        11     0.465007
        12     0.461549
        13     0.458537
        14     0.454547
        15     0.451138
        16     0.446885
        17     0.442572
        18     0.438002
        19     0.433348
        20     0.428209
        21     0.423561
        22     0.418249
        23     0.413419
        24     0.408359
        25     0.403314
        26     0.398281
        27     0.393337
        28     0.387856
        29     0.382667
        30     0.377077
        31     0.371114
        32     0.365604
        33     0.359466
        34     0.353727
        35     0.347748
        36     0.341863
        37     0.334986
        38     0.328668
        39     0.320280
        40     0.312500
        41     0.303561
        42     0.295322
# Cycle: 8, status: ACC, move: ('s+', 0, 0, 0)
#     Time       Orderp
         0     0.295345
         1     0.301718
         2     0.308927
         3     0.316523
         4     0.324414
         5     0.332518
         6     0.340454
         7     0.347450
         8     0.353079
         9     0.358425
        10     0.362936
        11     0.367401
        12     0.371916
        13     0.377089
        14     0.382412
        15     0.387922
        16     0.394196
        17     0.400814
        18     0.406918
        19     0.414566
        20     0.420928
        21     0.428262
        22     0.434627
        23     0.441189
        24     0.446885
        25     0.452424
        26     0.457236
        27     0.462359
        28     0.466782
        29     0.471371
        30     0.476315
        31     0.480857
        32     0.485691
        33     0.490981
        34     0.496133
        35     0.501229
# Cycle: 9, status: ACC, move: ('sh', 0.4524238565534298, 25, 33)
#     Time       Orderp
         0     0.294170
         1     0.300310
         2     0.307507
         3     0.314456
         4     0.322544
         5     0.329984
         6     0.337232
         7     0.343030
         8     0.348518
         9     0.353337
        10     0.358003
        11     0.362260
        12     0.366931
        13     0.371361
        14     0.376123
        15     0.380809
        16     0.385976
        17     0.390872
        18     0.395708
        19     0.400502
        20     0.405089
        21     0.409420
        22     0.413415
        23     0.417566
        24     0.421272
        25     0.424779
        26     0.428915
        27     0.432007
        28     0.436046
        29     0.439475
        30     0.442894
        31     0.446260
        32     0.449434
        33     0.452424
        34     0.454883
        35     0.458225
        36     0.460290
        37     0.463823
        38     0.466397
        39     0.470762
        40     0.473379
        41     0.478492
        42     0.481625
        43     0.486538
        44     0.489876
        45     0.494546
        46     0.497815
        47     0.501470
# Cycle: 10, status: BWI, move: ('tr', 0, 0, 0)
#     Time       Orderp
         0     0.501470
         1     0.497815
         2     0.494546
         3     0.489876
         4     0.486538
         5     0.481625
         6     0.478492
         7     0.473379
         8     0.470762
         9     0.466397
        10     0.463823
        11     0.460290
        12     0.458225
        13     0.454883
        14     0.452424
        15     0.449434
        16     0.446260
        17     0.442894
        18     0.439475
        19     0.436046
        20     0.432007
        21     0.428915
        22     0.424779
        23     0.421272
        24     0.417566
        25     0.413415
        26     0.409420
        27     0.405089
        28     0.400502
        29     0.395708
        30     0.390872
        31     0.385976
        32     0.380809
        33     0.376123
        34     0.371361
        35     0.366931
        36     0.362260
        37     0.358003
        38     0.353337
        39     0.348518
        40     0.343030
        41     0.337232
        42     0.329984
        43     0.322544
        44     0.314456
        45     0.307507
        46     0.300310
        47     0.294170
# Cycle: 11, status: NCR, move: ('sh', 0.30750702046936235, 2, 31)
#     Time       Orderp
         0     0.298351
         1     0.300811
         2     0.304797
         3     0.307706
         4     0.312455
         5     0.315115
         6     0.317988
         7     0.320954
         8     0.322328
         9     0.323394
        10     0.324756
        11     0.324431
        12     0.324163
        13     0.324352
        14     0.323687
        15     0.324275
        16     0.324386
        17     0.325664
        18     0.326249
        19     0.327707
        20     0.327749
        21     0.328658
        22     0.327644
        23     0.327156
        24     0.325398
        25     0.323735
        26     0.321154
        27     0.318631
        28     0.315596
        29     0.312992
        30     0.309669
        31     0.307507
        32     0.304984
        33     0.302599
        34     0.301162
        35     0.298788
# Cycle: 12, status: NCR, move: ('s-', 0, 0, 0)
#     Time       Orderp
         0     0.296957
         1     0.306088
         2     0.312194
         3     0.320855
         4     0.326189
         5     0.333141
         6     0.338039
         7     0.343577
         8     0.347119
         9     0.352033
        10     0.354646
        11     0.358587
        12     0.361209
        13     0.364214
        14     0.366740
        15     0.369226
        16     0.371428
        17     0.373400
        18     0.375642
        19     0.376701
        20     0.379081
        21     0.379424
        22     0.381012
        23     0.381003
        24     0.381860
        25     0.380760
        26     0.381714
        27     0.379671
        28     0.379955
        29     0.378091
        30     0.377161
        31     0.374987
        32     0.373978
        33     0.370573
        34     0.369360
        35     0.365846
        36     0.362941
        37     0.359799
        38     0.355948
        39     0.351822
        40     0.348095
        41     0.343383
        42     0.338647
        43     0.334576
        44     0.328360
        45     0.323732
        46     0.317213
        47     0.310692
        48     0.303261
        49     0.296010
# Cycle: 13, status: ACC, move: ('s+', 0, 0, 0)
#     Time       Orderp
         0     0.295322
         1     0.303561
         2     0.312500
         3     0.320280
         4     0.328668
         5     0.334986
         6     0.341863
         7     0.347748
         8     0.353727
         9     0.359466
        10     0.365604
        11     0.371114
        12     0.377077
        13     0.382667
        14     0.387856
        15     0.393337
        16     0.398281
        17     0.403314
        18     0.408359
        19     0.413419
        20     0.418249
        21     0.423561
        22     0.428209
        23     0.433348
        24     0.438002
        25     0.442572
        26     0.446885
        27     0.451138
        28     0.454547
        29     0.458537
        30     0.461549
        31     0.465007
        32     0.467996
        33     0.471494
        34     0.474315
        35     0.478070
        36     0.481142
        37     0.484889
        38     0.488348
        39     0.492223
        40     0.495853
        41     0.499886
        42     0.503657
# Cycle: 14, status: FTL, move: ('sh', 0.4380020219152752, 24, 39)
#     Time       Orderp
         0     0.298401
         1     0.304914
         2     0.312254
         3     0.317050
         4     0.323851
         5     0.328545
         6     0.333890
         7     0.337988
         8     0.342952
         9     0.345581
        10     0.350254
        11     0.353018
        12     0.356705
        13     0.360562
        14     0.364156
        15     0.368175
        16     0.372534
        17     0.376478
        18     0.380535
        19     0.385113
        20     0.387972
        21     0.392381
        22     0.394856
        23     0.398107
        24     0.400237
        25     0.403278
        26     0.404464
        27     0.407884
        28     0.409065
        29     0.411931
        30     0.414182
        31     0.416677
        32     0.418925
        33     0.422216
        34     0.424198
        35     0.427290
        36     0.430204
        37     0.432499
        38     0.435542
        39     0.438002
        40     0.440354
        41     0.442652
        42     0.445080
        43     0.446322
        44     0.448998
        45     0.449508
        46     0.451402
        47     0.451891
        48     0.453003
        49     0.452957
        50     0.454516
        51     0.453990
        52     0.455558
        53     0.456166
        54     0.456920
        55     0.458589
        56     0.459862
        57     0.461089
        58     0.463308
        59     0.464822
        60     0.466039
        61     0.468685
        62     0.469010
        63     0.470773
        64     0.471673
        65     0.472192
        66     0.472384
        67     0.473549
        68     0.472681
        69     0.473857
        70     0.474005
        71     0.474189
        72     0.475399
        73     0.475871
        74     0.476845
        75     0.477988
        76     0.479399
        77     0.480068
        78     0.482464
        79     0.483019
        80     0.485192
        81     0.486334
        82     0.488023
        83     0.488944
        84     0.490809
        85     0.491098
        86     0.492776
# Cycle: 15, status: BWI, move: ('tr', 0, 0, 0)
#     Time       Orderp
         0     0.503657
         1     0.499886
         2     0.495853
         3     0.492223
         4     0.488348
         5     0.484889
         6     0.481142
         7     0.478070
         8     0.474315
         9     0.471494
        10     0.467996
        11     0.465007
        12     0.461549
        13     0.458537
        14     0.454547
        15     0.451138
        16     0.446885
        17     0.442572
        18     0.438002
        19     0.433348
        20     0.428209
        21     0.423561
        22     0.418249
        23     0.413419
        24     0.408359
        25     0.403314
        26     0.398281
        27     0.393337
        28     0.387856
        29     0.382667
        30     0.377077
        31     0.371114
        32     0.365604
        33     0.359466
        34     0.353727
        35     0.347748
        36     0.341863
        37     0.334986
        38     0.328668
        39     0.320280
        40     0.312500
        41     0.303561
        42     0.295322
# Cycle: 16, status: FTL, move: ('sh', 0.408359302636549, 18, 38)
#     Time       Orderp
         0     0.296338
         1     0.303535
         2     0.311357
         3     0.316700
         4     0.322646
         5     0.327287
         6     0.331391
         7     0.336067
         8     0.340941
         9     0.345375
        10     0.350908
        11     0.355383
        12     0.360206
        13     0.364849
        14     0.369114
        15     0.372731
        16     0.377365
        17     0.379506
        18     0.383090
        19     0.385610
        20     0.387179
        21     0.389517
        22     0.391282
        23     0.392181
        24     0.394111
        25     0.395453
        26     0.395792
        27     0.398112
        28     0.398025
        29     0.399494
        30     0.400060
        31     0.401033
        32     0.401226
        33     0.402917
        34     0.402922
        35     0.404733
        36     0.405647
        37     0.406935
        38     0.408359
        39     0.409694
        40     0.410441
        41     0.411566
        42     0.412011
        43     0.411535
        44     0.411863
        45     0.410720
# Cycle: 17, status: ACC, move: ('sh', 0.38785557773310886, 14, 81)
#     Time       Orderp
         0     0.296536
         1     0.303280
         2     0.309515
         3     0.316684
         4     0.323439
         5     0.330811
         6     0.337545
         7     0.344319
         8     0.350618
         9     0.356430
        10     0.361427
        11     0.366537
        12     0.370557
        13     0.374321
        14     0.377910
        15     0.380779
        16     0.383701
        17     0.386067
        18     0.389207
        19     0.391065
        20     0.394493
        21     0.396869
        22     0.400197
        23     0.402850
        24     0.406559
        25     0.408960
        26     0.412635
        27     0.414977
        28     0.418115
        29     0.420257
        30     0.422539
        31     0.424371
        32     0.425845
        33     0.426891
        34     0.427931
        35     0.428497
        36     0.428684
        37     0.429352
        38     0.429156
        39     0.429471
        40     0.429401
        41     0.429740
        42     0.429223
        43     0.429705
        44     0.429189
        45     0.428991
        46     0.428917
        47     0.428472
        48     0.428188
        49     0.428060
        50     0.427812
        51     0.427295
        52     0.427752
        53     0.426817
        54     0.427401
        55     0.426862
        56     0.427135
        57     0.426678
        58     0.427272
        59     0.426177
        60     0.427055
        61     0.425915
        62     0.426238
        63     0.425571
        64     0.425470
        65     0.424738
        66     0.424572
        67     0.423509
        68     0.423030
        69     0.421685
        70     0.420391
        71     0.418916
        72     0.416658
        73     0.414543
        74     0.411963
        75     0.408935
        76     0.405748
        77     0.402605
        78     0.398721
        79     0.395199
        80     0.391673
        81     0.387856
        82     0.384426
        83     0.381253
        84     0.377870
        85     0.374652
        86     0.371686
        87     0.367873
        88     0.364651
        89     0.359932
        90     0.356066
        91     0.350319
        92     0.345029
        93     0.338511
        94     0.331928
        95     0.324129
        96     0.317057
        97     0.308886
        98     0.301655
        99     0.294181
# Cycle: 18, status: NCR, move: ('s+', 0.42127168567600876, 24, 26)
#     Time       Orderp
         0     0.296847
         1     0.303219
         2     0.309532
         3     0.315205
         4     0.321511
         5     0.327343
         6     0.333626
         7     0.339692
         8     0.346154
         9     0.352256
        10     0.358436
        11     0.364214
        12     0.369195
        13     0.374672
        14     0.378370
        15     0.383193
        16     0.386457
        17     0.390393
        18     0.393131
        19     0.396516
        20     0.398935
        21     0.402267
        22     0.405115
        23     0.409190
        24     0.413004
        25     0.417169
        26     0.421272
        27     0.425079
        28     0.428832
        29     0.431455
        30     0.434798
        31     0.436299
        32     0.438168
        33     0.438925
        34     0.439944
        35     0.440394
        36     0.441305
        37     0.442901
        38     0.444522
        39     0.446922
        40     0.450397
        41     0.453819
        42     0.458038
        43     0.462884
        44     0.467534
        45     0.472564
        46     0.477014
        47     0.482201
        48     0.485710
        49     0.490134
        50     0.493690
        51     0.497118
        52     0.499956
        53     0.503712
# Cycle: 19, status: NCR, move: ('s+', 0.42127168567600876, 24, 26)
#     Time       Orderp
         0     0.296847
         1     0.303219
         2     0.309532
         3     0.315205
         4     0.321511
         5     0.327343
         6     0.333626
         7     0.339692
         8     0.346154
         9     0.352256
        10     0.358436
        11     0.364214
        12     0.369195
        13     0.374672
        14     0.378370
        15     0.383193
        16     0.386457
        17     0.390393
        18     0.393131
        19     0.396516
        20     0.398935
        21     0.402267
        22     0.405115
        23     0.409190
        24     0.413004
        25     0.417169
        26     0.421272
        27     0.425079
        28     0.428832
        29     0.431455
        30     0.434798
        31     0.436299
        32     0.438168
        33     0.438925
        34     0.439944
        35     0.440394
        36     0.441305
        37     0.442901
        38     0.444522
        39     0.446922
        40     0.450397
        41     0.453819
        42     0.458038
        43     0.462884
        44     0.467534
        45     0.472564
        46     0.477014
        47     0.482201
        48     0.485710
        49     0.490134
        50     0.493690
        51     0.497118
        52     0.499956
        53     0.503712
# Cycle: 20, status: NCR, move: ('s+', 0.42127168567600876, 24, 26)
#     Time       Orderp
         0     0.296847
         1     0.303219
         2     0.309532
         3     0.315205
         4     0.321511
         5     0.327343
         6     0.333626
         7     0.339692
         8     0.346154
         9     0.352256
        10     0.358436
        11     0.364214
        12     0.369195
        13     0.374672
        14     0.378370
        15     0.383193
        16     0.386457
        17     0.390393
        18     0.393131
        19     0.396516
        20     0.398935
        21     0.402267
        22     0.405115
        23     0.409190
        24     0.413004
        25     0.417169
        26     0.421272
        27     0.425079
        28     0.428832
        29     0.431455
        30     0.434798
        31     0.436299
        32     0.438168
        33     0.438925
        34     0.439944
        35     0.440394
        36     0.441305
        37     0.442901
        38     0.444522
        39     0.446922
        40     0.450397
        41     0.453819
        42     0.458038
        43     0.462884
        44     0.467534
        45     0.472564
        46     0.477014
        47     0.482201
        48     0.485710
        49     0.490134
        50     0.493690
        51     0.497118
        52     0.499956
        53     0.503712
# Cycle: 21, status: ACC, move: ('sh', 0.39686910119742946, 21, 54)
#     Time       Orderp
         0     0.295111
         1     0.301572
         2     0.307641
         3     0.313339
         4     0.318836
         5     0.324471
         6     0.330135
         7     0.335326
         8     0.341332
         9     0.346234
        10     0.351371
        11     0.356551
        12     0.360322
        13     0.365045
        14     0.369085
        15     0.372506
        16     0.376707
        17     0.380213
        18     0.382487
        19     0.386530
        20     0.387790
        21     0.390085
        22     0.391846
        23     0.393342
        24     0.394130
        25     0.396367
        26     0.396873
        27     0.398881
        28     0.399962
        29     0.401845
        30     0.402978
        31     0.404865
        32     0.405965
        33     0.407591
        34     0.408486
        35     0.409915
        36     0.410423
        37     0.411338
        38     0.411780
        39     0.411752
        40     0.411914
        41     0.411974
        42     0.411056
        43     0.411652
        44     0.410943
        45     0.410446
        46     0.410574
        47     0.409893
        48     0.408373
        49     0.408514
        50     0.405655
        51     0.404374
        52     0.402213
        53     0.399411
        54     0.396869
        55     0.395162
        56     0.391178
        57     0.390177
        58     0.387068
        59     0.384955
        60     0.383005
        61     0.381215
        62     0.378743
        63     0.377015
        64     0.374592
        65     0.371641
        66     0.368346
        67     0.364966
        68     0.360462
        69     0.355829
        70     0.350843
        71     0.344944
        72     0.339090
        73     0.332651
        74     0.326816
        75     0.320716
        76     0.314822
        77     0.310074
        78     0.304857
        79     0.299475
# Cycle: 22, status: NCR, move: ('s-', 0.3658460049925382, 14, 42)
#     Time       Orderp
         0     0.298684
         1     0.306881
         2     0.313642
         3     0.321656
         4     0.327518
         5     0.334179
         6     0.339887
         7     0.345368
         8     0.350196
         9     0.355219
        10     0.359153
        11     0.363158
        12     0.366904
        13     0.369876
        14     0.373272
        15     0.375821
        16     0.378803
        17     0.380794
        18     0.383563
        19     0.384869
        20     0.387382
        21     0.388306
        22     0.390278
        23     0.391190
        24     0.392386
        25     0.392839
        26     0.393772
        27     0.393196
        28     0.393579
        29     0.392950
        30     0.391982
        31     0.391312
        32     0.389969
        33     0.388153
        34     0.386869
        35     0.384645
        36     0.382468
        37     0.380624
        38     0.377769
        39     0.375437
        40     0.372651
        41     0.369448
        42     0.365846
        43     0.362744
        44     0.357602
        45     0.354266
        46     0.348687
        47     0.344506
        48     0.338665
        49     0.334244
        50     0.327484
        51     0.322910
        52     0.315230
        53     0.309284
        54     0.301105
        55     0.293336
# Cycle: 23, status: ACC, move: ('sh', 0.3508431404304644, 70, 76)
#     Time       Orderp
         0     0.299948
         1     0.305004
         2     0.310577
         3     0.315347
         4     0.320839
         5     0.325459
         6     0.330379
         7     0.334622
         8     0.339973
         9     0.343949
        10     0.349227
        11     0.353764
        12     0.357733
        13     0.362071
        14     0.365836
        15     0.368161
        16     0.371627
        17     0.373259
        18     0.374985
        19     0.376610
        20     0.377914
        21     0.378730
        22     0.380958
        23     0.381533
        24     0.383991
        25     0.385705
        26     0.387526
        27     0.389934
        28     0.392026
        29     0.393635
        30     0.395656
        31     0.397411
        32     0.397386
        33     0.399324
        34     0.398634
        35     0.399067
        36     0.398848
        37     0.399092
        38     0.398399
        39     0.399646
        40     0.398881
        41     0.400163
        42     0.400606
        43     0.401014
        44     0.401930
        45     0.402603
        46     0.402377
        47     0.402736
        48     0.402810
        49     0.401244
        50     0.401382
        51     0.399566
        52     0.398055
        53     0.396154
        54     0.394136
        55     0.391297
        56     0.389179
        57     0.386330
        58     0.384411
        59     0.381418
        60     0.380173
        61     0.377673
        62     0.376209
        63     0.374789
        64     0.373580
        65     0.372335
        66     0.371805
        67     0.370742
        68     0.369963
        69     0.368885
        70     0.367518
        71     0.366018
        72     0.363403
        73     0.361492
        74     0.358095
        75     0.354549
        76     0.350843
        77     0.346259
        78     0.341341
        79     0.336406
        80     0.331813
        81     0.326317
        82     0.322032
        83     0.317643
        84     0.312584
        85     0.307776
        86     0.303219
        87     0.296349
# Cycle: 24, status: NCR, move: ('s+', 0.4999558123551619, 52, 38)
#     Time       Orderp
         0     0.296072
         1     0.306020
         2     0.315011
         3     0.324129
         4     0.331727
         5     0.339072
         6     0.345397
         7     0.351913
         8     0.357583
         9     0.363800
        10     0.369863
        11     0.376765
        12     0.383141
        13     0.390157
        14     0.396911
        15     0.403455
        16     0.409290
        17     0.415046
        18     0.420619
        19     0.424364
        20     0.429416
        21     0.432769
        22     0.435925
        23     0.439403
        24     0.442135
        25     0.445488
        26     0.448591
        27     0.452852
        28     0.456750
        29     0.461864
        30     0.466301
        31     0.471790
        32     0.476645
        33     0.480950
        34     0.485825
        35     0.489959
        36     0.492823
        37     0.497578
        38     0.499956
        39     0.503322
# Cycle: 25, status: NCR, move: ('s+', 0.4999558123551619, 52, 38)
#     Time       Orderp
         0     0.296072
         1     0.306020
         2     0.315011
         3     0.324129
         4     0.331727
         5     0.339072
         6     0.345397
         7     0.351913
         8     0.357583
         9     0.363800
        10     0.369863
        11     0.376765
        12     0.383141
        13     0.390157
        14     0.396911
        15     0.403455
        16     0.409290
        17     0.415046
        18     0.420619
        19     0.424364
        20     0.429416
        21     0.432769
        22     0.435925
        23     0.439403
        24     0.442135
        25     0.445488
        26     0.448591
        27     0.452852
        28     0.456750
        29     0.461864
        30     0.466301
        31     0.471790
        32     0.476645
        33     0.480950
        34     0.485825
        35     0.489959
        36     0.492823
        37     0.497578
        38     0.499956
        39     0.503322
# Cycle: 26, status: ACC, move: ('tr', 0, 0, 0)
#     Time       Orderp
         0     0.296349
         1     0.303219
         2     0.307776
         3     0.312584
         4     0.317643
         5     0.322032
         6     0.326317
         7     0.331813
         8     0.336406
         9     0.341341
        10     0.346259
        11     0.350843
        12     0.354549
        13     0.358095
        14     0.361492
        15     0.363403
        16     0.366018
        17     0.367518
        18     0.368885
        19     0.369963
        20     0.370742
        21     0.371805
        22     0.372335
        23     0.373580
        24     0.374789
        25     0.376209
        26     0.377673
        27     0.380173
        28     0.381418
        29     0.384411
        30     0.386330
        31     0.389179
        32     0.391297
        33     0.394136
        34     0.396154
        35     0.398055
        36     0.399566
        37     0.401382
        38     0.401244
        39     0.402810
        40     0.402736
        41     0.402377
        42     0.402603
        43     0.401930
        44     0.401014
        45     0.400606
        46     0.400163
        47     0.398881
        48     0.399646
        49     0.398399
        50     0.399092
        51     0.398848
        52     0.399067
        53     0.398634
        54     0.399324
        55     0.397386
        56     0.397411
        57     0.395656
        58     0.393635
        59     0.392026
        60     0.389934
        61     0.387526
        62     0.385705
        63     0.383991
        64     0.381533
        65     0.380958
        66     0.378730
        67     0.377914
        68     0.376610
        69     0.374985
        70     0.373259
        71     0.371627
        72     0.368161
        73     0.365836
        74     0.362071
        75     0.357733
        76     0.353764
        77     0.349227
        78     0.343949
        79     0.339973
        80     0.334622
        81     0.330379
        82     0.325459
        83     0.320839
        84     0.315347
        85     0.310577
        86     0.305004
        87     0.299948
# Cycle: 27, status: ACC, move: ('tr', 0, 0, 0)
#     Time       Orderp
         0     0.299948
         1     0.305004
         2     0.310577
         3     0.315347
         4     0.320839
         5     0.325459
         6     0.330379
         7     0.334622
         8     0.339973
         9     0.343949
        10     0.349227
        11     0.353764
        12     0.357733
        13     0.362071
        14     0.365836
        15     0.368161
        16     0.371627
        17     0.373259
        18     0.374985
        19     0.376610
        20     0.377914
        21     0.378730
        22     0.380958
        23     0.381533
        24     0.383991
        25     0.385705
        26     0.387526
        27     0.389934
        28     0.392026
        29     0.393635
        30     0.395656
        31     0.397411
        32     0.397386
        33     0.399324
        34     0.398634
        35     0.399067
        36     0.398848
        37     0.399092
        38     0.398399
        39     0.399646
        40     0.398881
        41     0.400163
        42     0.400606
        43     0.401014
        44     0.401930
        45     0.402603
        46     0.402377
        47     0.402736
        48     0.402810
        49     0.401244
        50     0.401382
        51     0.399566
        52     0.398055
        53     0.396154
        54     0.394136
        55     0.391297
        56     0.389179
        57     0.386330
        58     0.384411
        59     0.381418
        60     0.380173
        61     0.377673
        62     0.376209
        63     0.374789
        64     0.373580
        65     0.372335
        66     0.371805
        67     0.370742
        68     0.369963
        69     0.368885
        70     0.367518
        71     0.366018
        72     0.363403
        73     0.361492
        74     0.358095
        75     0.354549
        76     0.350843
        77     0.346259
        78     0.341341
        79     0.336406
        80     0.331813
        81     0.326317
        82     0.322032
        83     0.317643
        84     0.312584
        85     0.307776
        86     0.303219
        87     0.296349
# Cycle: 28, status: ACC, move: ('tr', 0, 0, 0)
#     Time       Orderp
         0     0.296349
         1     0.303219
         2     0.307776
         3     0.312584
         4     0.317643
         5     0.322032
         6     0.326317
         7     0.331813
         8     0.336406
         9     0.341341
        10     0.346259
        11     0.350843
        12     0.354549
        13     0.358095
        14     0.361492
        15     0.363403
        16     0.366018
        17     0.367518
        18     0.368885
        19     0.369963
        20     0.370742
        21     0.371805
        22     0.372335
        23     0.373580
        24     0.374789
        25     0.376209
        26     0.377673
        27     0.380173
        28     0.381418
        29     0.384411
        30     0.386330
        31     0.389179
        32     0.391297
        33     0.394136
        34     0.396154
        35     0.398055
        36     0.399566
        37     0.401382
        38     0.401244
        39     0.402810
        40     0.402736
        41     0.402377
        42     0.402603
        43     0.401930
        44     0.401014
        45     0.400606
        46     0.400163
        47     0.398881
        48     0.399646
        49     0.398399
        50     0.399092
        51     0.398848
        52     0.399067
        53     0.398634
        54     0.399324
        55     0.397386
        56     0.397411
        57     0.395656
        58     0.393635
        59     0.392026
        60     0.389934
        61     0.387526
        62     0.385705
        63     0.383991
        64     0.381533
        65     0.380958
        66     0.378730
        67     0.377914
        68     0.376610
        69     0.374985
        70     0.373259
        71     0.371627
        72     0.368161
        73     0.365836
        74     0.362071
        75     0.357733
        76     0.353764
        77     0.349227
        78     0.343949
        79     0.339973
        80     0.334622
        81     0.330379
        82     0.325459
        83     0.320839
        84     0.315347
        85     0.310577
        86     0.305004
        87     0.299948
# Cycle: 29, status: FTL, move: ('sh', 0.39964634002848826, 48, 37)
#     Time       Orderp
         0     0.295219
         1     0.300428
         2     0.304897
         3     0.310405
         4     0.314046
         5     0.318578
         6     0.322682
         7     0.326475
         8     0.330066
         9     0.334326
        10     0.337695
        11     0.341399
        12     0.345741
        13     0.348577
        14     0.352742
        15     0.356157
        16     0.359016
        17     0.362396
        18     0.365587
        19     0.367685
        20     0.371250
        21     0.373807
        22     0.376033
        23     0.379846
        24     0.381510
        25     0.384522
        26     0.387217
        27     0.389040
        28     0.390946
        29     0.393939
        30     0.393674
        31     0.396543
        32     0.396923
        33     0.397454
        34     0.398043
        35     0.399028
        36     0.397945
        37     0.399646
        38     0.399429
        39     0.400350
        40     0.401476
        41     0.402820
        42     0.404210
        43     0.406187
        44     0.407957
        45     0.409957
        46     0.412112
        47     0.413859
        48     0.415900
        49     0.417694
        50     0.418872
        51     0.420630
        52     0.421094
        53     0.422367
        54     0.421980
        55     0.422953
        56     0.422325
        57     0.422256
        58     0.422166
        59     0.422619
        60     0.421379
        61     0.423344
        62     0.422827
        63     0.423503
        64     0.424729
        65     0.425299
        66     0.425623
        67     0.426862
        68     0.426922
        69     0.427325
        70     0.427461
        71     0.427434
        72     0.426982
        73     0.426499
        74     0.425807
        75     0.424870
        76     0.424024
        77     0.422976
        78     0.422523
        79     0.421519
        80     0.421367
        81     0.421042
        82     0.421122
        83     0.420814
        84     0.421818
        85     0.421053
        86     0.421873
        87     0.421568
        88     0.420798
        89     0.420290
        90     0.418900
        91     0.416701
        92     0.415271
        93     0.413360
        94     0.410372
        95     0.410539
        96     0.407909
        97     0.407649
        98     0.407425
        99     0.407381
# Cycle: 30, status: NCR, move: ('s-', 0.36511934192118733, 70, 24)
#     Time       Orderp
         0     0.296152
         1     0.301990
         2     0.307626
         3     0.311831
         4     0.316329
         5     0.319492
         6     0.322571
         7     0.325331
         8     0.328167
         9     0.330940
        10     0.333802
        11     0.337242
        12     0.340127
        13     0.343731
        14     0.346912
        15     0.350006
        16     0.352900
        17     0.355760
        18     0.357517
        19     0.360278
        20     0.361271
        21     0.363131
        22     0.364085
        23     0.364945
        24     0.365119
        25     0.365980
        26     0.364778
        27     0.365025
        28     0.363815
        29     0.362618
        30     0.361412
        31     0.359862
        32     0.357843
        33     0.355946
        34     0.353679
        35     0.350741
        36     0.348640
        37     0.345177
        38     0.342781
        39     0.339453
        40     0.336577
        41     0.332947
        42     0.329926
        43     0.325082
        44     0.321472
        45     0.315708
        46     0.310281
        47     0.304035
        48     0.297390
# Cycle: 31, status: FTL, move: ('sh', 0.39909222743451944, 50, 31)
#     Time       Orderp
         0     0.298468
         1     0.303938
         2     0.308995
         3     0.314287
         4     0.319137
         5     0.324522
         6     0.328859
         7     0.333836
         8     0.338097
         9     0.342063
        10     0.346289
        11     0.349367
        12     0.353309
        13     0.356134
        14     0.359652
        15     0.362661
        16     0.366383
        17     0.369167
        18     0.373145
        19     0.376268
        20     0.379207
        21     0.382848
        22     0.385052
        23     0.387923
        24     0.390002
        25     0.392311
        26     0.393392
        27     0.395867
        28     0.395982
        29     0.397865
        30     0.397947
        31     0.399092
        32     0.399315
        33     0.400618
        34     0.400895
        35     0.402823
        36     0.403469
        37     0.405413
        38     0.406926
        39     0.408516
        40     0.410207
        41     0.411908
        42     0.413160
        43     0.414491
        44     0.415820
        45     0.416253
        46     0.417702
        47     0.417980
        48     0.419213
        49     0.420008
        50     0.421489
        51     0.422463
        52     0.424753
        53     0.426107
        54     0.428336
        55     0.430599
        56     0.432460
        57     0.434422
        58     0.436320
        59     0.437792
        60     0.438857
        61     0.440513
        62     0.441101
        63     0.442156
        64     0.443173
        65     0.443652
        66     0.444472
        67     0.445125
        68     0.445403
        69     0.445878
        70     0.446049
        71     0.445990
        72     0.446083
        73     0.446075
        74     0.445837
        75     0.446843
        76     0.446557
        77     0.448336
        78     0.449179
        79     0.450853
        80     0.452464
        81     0.454406
        82     0.455778
        83     0.457398
        84     0.458937
        85     0.459603
        86     0.460615
        87     0.461151
        88     0.461054
        89     0.461092
        90     0.460808
        91     0.460146
        92     0.459507
        93     0.459230
        94     0.458377
        95     0.458324
        96     0.458322
        97     0.458732
        98     0.458975
        99     0.460814
       100     0.460814
       101     0.463122
       102     0.463434
       103     0.464956
       104     0.465330
       105     0.466214
       106     0.466134
       107     0.466592
       108     0.466288
       109     0.466208
       110     0.465937
       111     0.465457
       112     0.465253
       113     0.464493
       114     0.464282
       115     0.463768
       116     0.462922
       117     0.463302
       118     0.462133
       119     0.462668
       120     0.462269
       121     0.462766
       122     0.462595
       123     0.463646
       124     0.463578
       125     0.464119
       126     0.464754
       127     0.464440
       128     0.464688
       129     0.464182
       130     0.463777
       131     0.462374
       132     0.461926
       133     0.459976
       134     0.458809
       135     0.457282
       136     0.455810
       137     0.454285
       138     0.453323
       139     0.452275
       140     0.451250
       141     0.451296
       142     0.450164
       143     0.450514
       144     0.449536
       145     0.449572
       146     0.448224
       147     0.448305
       148     0.446140
       149     0.446252
       150     0.444154
       151     0.443707
       152     0.442130
       153     0.441647
       154     0.439944
       155     0.439780
       156     0.438124
       157     0.437545
       158     0.436392
       159     0.435288
       160     0.434099
       161     0.433145
       162     0.431647
       163     0.430572
       164     0.429576
       165     0.427805
       166     0.427265
       167     0.425447
       168     0.424466
       169     0.422810
       170     0.421854
       171     0.419389
       172     0.419018
       173     0.416052
       174     0.415212
       175     0.412718
       176     0.411063
       177     0.408344
       178     0.406742
       179     0.403195
       180     0.401211
       181     0.397879
       182     0.394768
       183     0.391769
       184     0.388537
       185     0.385183
       186     0.382226
       187     0.379222
# Cycle: 32, status: NCR, move: ('s+', 0.4999558123551619, 52, 38)
#     Time       Orderp
         0     0.296072
         1     0.306020
         2     0.315011
         3     0.324129
         4     0.331727
         5     0.339072
         6     0.345397
         7     0.351913
         8     0.357583
         9     0.363800
        10     0.369863
        11     0.376765
        12     0.383141
        13     0.390157
        14     0.396911
        15     0.403455
        16     0.409290
        17     0.415046
        18     0.420619
        19     0.424364
        20     0.429416
        21     0.432769
        22     0.435925
        23     0.439403
        24     0.442135
        25     0.445488
        26     0.448591
        27     0.452852
        28     0.456750
        29     0.461864
        30     0.466301
        31     0.471790
        32     0.476645
        33     0.480950
        34     0.485825
        35     0.489959
        36     0.492823
        37     0.497578
        38     0.499956
        39     0.503322
# Cycle: 33, status: ACC, move: ('sh', 0.37074157909215716, 20, 14)
#     Time       Orderp
         0     0.297445
         1     0.305226
         2     0.311949
         3     0.319199
         4     0.325225
         5     0.331709
         6     0.337005
         7     0.342512
         8     0.347386
         9     0.351761
        10     0.356153
        11     0.360135
        12     0.363676
        13     0.367628
        14     0.370742
        15     0.374175
        16     0.377463
        17     0.380358
        18     0.383626
        19     0.386459
        20     0.389407
        21     0.391998
        22     0.394743
        23     0.396785
        24     0.399290
        25     0.400558
        26     0.402999
        27     0.403405
        28     0.405260
        29     0.405739
        30     0.406681
        31     0.406979
        32     0.408339
        33     0.407935
        34     0.409559
        35     0.409739
        36     0.410451
        37     0.411556
        38     0.411872
        39     0.412359
        40     0.413310
        41     0.412740
        42     0.412960
        43     0.413131
        44     0.411315
        45     0.411480
        46     0.409909
        47     0.408043
        48     0.406799
        49     0.405122
        50     0.401639
        51     0.400999
        52     0.397144
        53     0.394872
        54     0.392194
        55     0.389492
        56     0.385684
        57     0.384164
        58     0.379779
        59     0.377263
        60     0.374120
        61     0.370019
        62     0.366450
        63     0.362424
        64     0.357280
        65     0.352396
        66     0.347645
        67     0.340767
        68     0.336211
        69     0.329219
        70     0.323188
        71     0.316359
        72     0.310005
        73     0.301425
        74     0.295751
# Cycle: 34, status: NCR, move: ('s-', 0.3659795221087859, 25, 29)
#     Time       Orderp
         0     0.299497
         1     0.304360
         2     0.310004
         3     0.315026
         4     0.320771
         5     0.325284
         6     0.331256
         7     0.335501
         8     0.339581
         9     0.343610
        10     0.345854
        11     0.348745
        12     0.351015
        13     0.353420
        14     0.355234
        15     0.358415
        16     0.359423
        17     0.362622
        18     0.363633
        19     0.365862
        20     0.366525
        21     0.368485
        22     0.367787
        23     0.369800
        24     0.368431
        25     0.369338
        26     0.368310
        27     0.368029
        28     0.366432
        29     0.365980
        30     0.363380
        31     0.361939
        32     0.359770
        33     0.356477
        34     0.354456
        35     0.350660
        36     0.347585
        37     0.343397
        38     0.340170
        39     0.334803
        40     0.331899
        41     0.326311
        42     0.322969
        43     0.317640
        44     0.313724
        45     0.307548
        46     0.302965
        47     0.295010
# Cycle: 35, status: NCR, move: ('s-', 0.3659795221087859, 25, 29)
#     Time       Orderp
         0     0.299497
         1     0.304360
         2     0.310004
         3     0.315026
         4     0.320771
         5     0.325284
         6     0.331256
         7     0.335501
         8     0.339581
         9     0.343610
        10     0.345854
        11     0.348745
        12     0.351015
        13     0.353420
        14     0.355234
        15     0.358415
        16     0.359423
        17     0.362622
        18     0.363633
        19     0.365862
        20     0.366525
        21     0.368485
        22     0.367787
        23     0.369800
        24     0.368431
        25     0.369338
        26     0.368310
        27     0.368029
        28     0.366432
        29     0.365980
        30     0.363380
        31     0.361939
        32     0.359770
        33     0.356477
        34     0.354456
        35     0.350660
        36     0.347585
        37     0.343397
        38     0.340170
        39     0.334803
        40     0.331899
        41     0.326311
        42     0.322969
        43     0.317640
        44     0.313724
        45     0.307548
        46     0.302965
        47     0.295010
# Cycle: 36, status: BTL, move: ('sh', 0.41331027772257667, 40, 0)
#     Time       Orderp
         0     0.413310
         1     0.415115
         2     0.417609
         3     0.420387
         4     0.421185
         5     0.424124
         6     0.425193
         7     0.426683
         8     0.428158
         9     0.429746
        10     0.429636
        11     0.432430
        12     0.431744
        13     0.433645
        14     0.434463
        15     0.435135
        16     0.436016
        17     0.437556
        18     0.437535
        19     0.439367
        20     0.440271
        21     0.440901
        22     0.442747
        23     0.443304
        24     0.444472
        25     0.445683
        26     0.446706
        27     0.447272
        28     0.449104
        29     0.449002
        30     0.450567
        31     0.450981
        32     0.451931
        33     0.452255
        34     0.453834
        35     0.453428
        36     0.455276
        37     0.455309
        38     0.456515
        39     0.456931
        40     0.458470
        41     0.458170
        42     0.460077
        43     0.459865
        44     0.460875
        45     0.461165
        46     0.461870
        47     0.461438
        48     0.462527
        49     0.461605
        50     0.461850
        51     0.461815
        52     0.460691
        53     0.461134
        54     0.460262
        55     0.459862
        56     0.459687
        57     0.459810
        58     0.458464
        59     0.460167
        60     0.458654
        61     0.459425
        62     0.459510
        63     0.459420
        64     0.459014
        65     0.459822
        66     0.458716
        67     0.458814
        68     0.458528
        69     0.457677
        70     0.456987
        71     0.456610
        72     0.455284
        73     0.454685
        74     0.453723
        75     0.452832
        76     0.451566
        77     0.451190
        78     0.449608
        79     0.449153
        80     0.448005
        81     0.447445
        82     0.446060
        83     0.446119
        84     0.444371
        85     0.444266
        86     0.443143
        87     0.442379
        88     0.441201
        89     0.440829
        90     0.438858
        91     0.438277
        92     0.436960
        93     0.435034
        94     0.434194
        95     0.432375
        96     0.430568
        97     0.429115
        98     0.427691
        99     0.425103
       100     0.424727
       101     0.422010
       102     0.420869
       103     0.419126
       104     0.417267
       105     0.415125
       106     0.413987
       107     0.410899
       108     0.409751
       109     0.407117
       110     0.404540
       111     0.402456
       112     0.399460
       113     0.396360
       114     0.393926
# Cycle: 37, status: NCR, move: ('s+', 0.4999558123551619, 52, 38)
#     Time       Orderp
         0     0.296072
         1     0.306020
         2     0.315011
         3     0.324129
         4     0.331727
         5     0.339072
         6     0.345397
         7     0.351913
         8     0.357583
         9     0.363800
        10     0.369863
        11     0.376765
        12     0.383141
        13     0.390157
        14     0.396911
        15     0.403455
        16     0.409290
        17     0.415046
        18     0.420619
        19     0.424364
        20     0.429416
        21     0.432769
        22     0.435925
        23     0.439403
        24     0.442135
        25     0.445488
        26     0.448591
        27     0.452852
        28     0.456750
        29     0.461864
        30     0.466301
        31     0.471790
        32     0.476645
        33     0.480950
        34     0.485825
        35     0.489959
        36     0.492823
        37     0.497578
        38     0.499956
        39     0.503322
# Cycle: 38, status: NCR, move: ('s-', 0.36338037204268475, 30, 21)
#     Time       Orderp
         0     0.298901
         1     0.304230
         2     0.310391
         3     0.315136
         4     0.319717
         5     0.324644
         6     0.328293
         7     0.332145
         8     0.336158
         9     0.338997
        10     0.342053
        11     0.345684
        12     0.347032
        13     0.350499
        14     0.352413
        15     0.354067
        16     0.356473
        17     0.358300
        18     0.359135
        19     0.361707
        20     0.362537
        21     0.363380
        22     0.365482
        23     0.365182
        24     0.366281
        25     0.366452
        26     0.366273
        27     0.365379
        28     0.365526
        29     0.363008
        30     0.362830
        31     0.360231
        32     0.358970
        33     0.356434
        34     0.355145
        35     0.351999
        36     0.351262
        37     0.348264
        38     0.347144
        39     0.345032
        40     0.343264
        41     0.340545
        42     0.338587
        43     0.334250
        44     0.330691
        45     0.326417
        46     0.320732
        47     0.316537
        48     0.311143
        49     0.305629
        50     0.301029
        51     0.296044
# Cycle: 39, status: NCR, move: ('s+', 0.4999558123551619, 52, 38)
#     Time       Orderp
         0     0.296072
         1     0.306020
         2     0.315011
         3     0.324129
         4     0.331727
         5     0.339072
         6     0.345397
         7     0.351913
         8     0.357583
         9     0.363800
        10     0.369863
        11     0.376765
        12     0.383141
        13     0.390157
        14     0.396911
        15     0.403455
        16     0.409290
        17     0.415046
        18     0.420619
        19     0.424364
        20     0.429416
        21     0.432769
        22     0.435925
        23     0.439403
        24     0.442135
        25     0.445488
        26     0.448591
        27     0.452852
        28     0.456750
        29     0.461864
        30     0.466301
        31     0.471790
        32     0.476645
        33     0.480950
        34     0.485825
        35     0.489959
        36     0.492823
        37     0.497578
        38     0.499956
        39     0.503322
# Cycle: 40, status: NCR, move: ('s-', 0.36338037204268475, 30, 21)
#     Time       Orderp
         0     0.298901
         1     0.304230
         2     0.310391
         3     0.315136
         4     0.319717
         5     0.324644
         6     0.328293
         7     0.332145
         8     0.336158
         9     0.338997
        10     0.342053
        11     0.345684
        12     0.347032
        13     0.350499
        14     0.352413
        15     0.354067
        16     0.356473
        17     0.358300
        18     0.359135
        19     0.361707
        20     0.362537
        21     0.363380
        22     0.365482
        23     0.365182
        24     0.366281
        25     0.366452
        26     0.366273
        27     0.365379
        28     0.365526
        29     0.363008
        30     0.362830
        31     0.360231
        32     0.358970
        33     0.356434
        34     0.355145
        35     0.351999
        36     0.351262
        37     0.348264
        38     0.347144
        39     0.345032
        40     0.343264
        41     0.340545
        42     0.338587
        43     0.334250
        44     0.330691
        45     0.326417
        46     0.320732
        47     0.316537
        48     0.311143
        49     0.305629
        50     0.301029
        51     0.296044
# Cycle: 41, status: NCR, move: ('s-', 0.36338037204268475, 30, 21)
#     Time       Orderp
         0     0.298901
         1     0.304230
         2     0.310391
         3     0.315136
         4     0.319717
         5     0.324644
         6     0.328293
         7     0.332145
         8     0.336158
         9     0.338997
        10     0.342053
        11     0.345684
        12     0.347032
        13     0.350499
        14     0.352413
        15     0.354067
        16     0.356473
        17     0.358300
        18     0.359135
        19     0.361707
        20     0.362537
        21     0.363380
        22     0.365482
        23     0.365182
        24     0.366281
        25     0.366452
        26     0.366273
        27     0.365379
        28     0.365526
        29     0.363008
        30     0.362830
        31     0.360231
        32     0.358970
        33     0.356434
        34     0.355145
        35     0.351999
        36     0.351262
        37     0.348264
        38     0.347144
        39     0.345032
        40     0.343264
        41     0.340545
        42     0.338587
        43     0.334250
        44     0.330691
        45     0.326417
        46     0.320732
        47     0.316537
        48     0.311143
        49     0.305629
        50     0.301029
        51     0.296044
# Cycle: 42, status: NCR, move: ('s+', 0.4999558123551619, 52, 38)
#     Time       Orderp
         0     0.296072
         1     0.306020
         2     0.315011
         3     0.324129
         4     0.331727
         5     0.339072
         6     0.345397
         7     0.351913
         8     0.357583
         9     0.363800
        10     0.369863
        11     0.376765
        12     0.383141
        13     0.390157
        14     0.396911
        15     0.403455
        16     0.409290
        17     0.415046
        18     0.420619
        19     0.424364
        20     0.429416
        21     0.432769
        22     0.435925
        23     0.439403
        24     0.442135
        25     0.445488
        26     0.448591
        27     0.452852
        28     0.456750
        29     0.461864
        30     0.466301
        31     0.471790
        32     0.476645
        33     0.480950
        34     0.485825
        35     0.489959
        36     0.492823
        37     0.497578
        38     0.499956
        39     0.503322
# Cycle: 43, status: NCR, move: ('s-', 0.36338037204268475, 30, 21)
#     Time       Orderp
         0     0.298901
         1     0.304230
         2     0.310391
         3     0.315136
         4     0.319717
         5     0.324644
         6     0.328293
         7     0.332145
         8     0.336158
         9     0.338997
        10     0.342053
        11     0.345684
        12     0.347032
        13     0.350499
        14     0.352413
        15     0.354067
        16     0.356473
        17     0.358300
        18     0.359135
        19     0.361707
        20     0.362537
        21     0.363380
        22     0.365482
        23     0.365182
        24     0.366281
        25     0.366452
        26     0.366273
        27     0.365379
        28     0.365526
        29     0.363008
        30     0.362830
        31     0.360231
        32     0.358970
        33     0.356434
        34     0.355145
        35     0.351999
        36     0.351262
        37     0.348264
        38     0.347144
        39     0.345032
        40     0.343264
        41     0.340545
        42     0.338587
        43     0.334250
        44     0.330691
        45     0.326417
        46     0.320732
        47     0.316537
        48     0.311143
        49     0.305629
        50     0.301029
        51     0.296044
# Cycle: 44, status: NCR, move: ('s+', 0.4999558123551619, 52, 38)
#     Time       Orderp
         0     0.296072
         1     0.306020
         2     0.315011
         3     0.324129
         4     0.331727
         5     0.339072
         6     0.345397
         7     0.351913
         8     0.357583
         9     0.363800
        10     0.369863
        11     0.376765
        12     0.383141
        13     0.390157
        14     0.396911
        15     0.403455
        16     0.409290
        17     0.415046
        18     0.420619
        19     0.424364
        20     0.429416
        21     0.432769
        22     0.435925
        23     0.439403
        24     0.442135
        25     0.445488
        26     0.448591
        27     0.452852
        28     0.456750
        29     0.461864
        30     0.466301
        31     0.471790
        32     0.476645
        33     0.480950
        34     0.485825
        35     0.489959
        36     0.492823
        37     0.497578
        38     0.499956
        39     0.503322
# Cycle: 45, status: NCR, move: ('s+', 0.4999558123551619, 52, 38)
#     Time       Orderp
         0     0.296072
         1     0.306020
         2     0.315011
         3     0.324129
         4     0.331727
         5     0.339072
         6     0.345397
         7     0.351913
         8     0.357583
         9     0.363800
        10     0.369863
        11     0.376765
        12     0.383141
        13     0.390157
        14     0.396911
        15     0.403455
        16     0.409290
        17     0.415046
        18     0.420619
        19     0.424364
        20     0.429416
        21     0.432769
        22     0.435925
        23     0.439403
        24     0.442135
        25     0.445488
        26     0.448591
        27     0.452852
        28     0.456750
        29     0.461864
        30     0.466301
        31     0.471790
        32     0.476645
        33     0.480950
        34     0.485825
        35     0.489959
        36     0.492823
        37     0.497578
        38     0.499956
        39     0.503322
# Cycle: 46, status: NCR, move: ('s+', 0.4999558123551619, 52, 38)
#     Time       Orderp
         0     0.296072
         1     0.306020
         2     0.315011
         3     0.324129
         4     0.331727
         5     0.339072
         6     0.345397
         7     0.351913
         8     0.357583
         9     0.363800
        10     0.369863
        11     0.376765
        12     0.383141
        13     0.390157
        14     0.396911
        15     0.403455
        16     0.409290
        17     0.415046
        18     0.420619
        19     0.424364
        20     0.429416
        21     0.432769
        22     0.435925
        23     0.439403
        24     0.442135
        25     0.445488
        26     0.448591
        27     0.452852
        28     0.456750
        29     0.461864
        30     0.466301
        31     0.471790
        32     0.476645
        33     0.480950
        34     0.485825
        35     0.489959
        36     0.492823
        37     0.497578
        38     0.499956
        39     0.503322
# Cycle: 47, status: NCR, move: ('s+', 0.4999558123551619, 52, 38)
#     Time       Orderp
         0     0.296072
         1     0.306020
         2     0.315011
         3     0.324129
         4     0.331727
         5     0.339072
         6     0.345397
         7     0.351913
         8     0.357583
         9     0.363800
        10     0.369863
        11     0.376765
        12     0.383141
        13     0.390157
        14     0.396911
        15     0.403455
        16     0.409290
        17     0.415046
        18     0.420619
        19     0.424364
        20     0.429416
        21     0.432769
        22     0.435925
        23     0.439403
        24     0.442135
        25     0.445488
        26     0.448591
        27     0.452852
        28     0.456750
        29     0.461864
        30     0.466301
        31     0.471790
        32     0.476645
        33     0.480950
        34     0.485825
        35     0.489959
        36     0.492823
        37     0.497578
        38     0.499956
        39     0.503322
# Cycle: 48, status: NCR, move: ('sh', 0.35615282483444394, 10, 68)
#     Time       Orderp
         0     0.298322
         1     0.304294
         2     0.308207
         3     0.315498
         4     0.319062
         5     0.324225
         6     0.328530
         7     0.332659
         8     0.335231
         9     0.340925
        10     0.343018
        11     0.348231
        12     0.351717
        13     0.356164
        14     0.359485
        15     0.363540
        16     0.366479
        17     0.369530
        18     0.371730
        19     0.374304
        20     0.375647
        21     0.377454
        22     0.379121
        23     0.380080
        24     0.382112
        25     0.383842
        26     0.384848
        27     0.387760
        28     0.388885
        29     0.390008
        30     0.392307
        31     0.392595
        32     0.392913
        33     0.394587
        34     0.393763
        35     0.394631
        36     0.395014
        37     0.395172
        38     0.395366
        39     0.396541
        40     0.395775
        41     0.397317
        42     0.396661
        43     0.397576
        44     0.396974
        45     0.397562
        46     0.396452
        47     0.396313
        48     0.394906
        49     0.394427
        50     0.391954
        51     0.391833
        52     0.389844
        53     0.388175
        54     0.387832
        55     0.386174
        56     0.384546
        57     0.384298
        58     0.381909
        59     0.380394
        60     0.379011
        61     0.375991
        62     0.374268
        63     0.371829
        64     0.368659
        65     0.366169
        66     0.363032
        67     0.359439
        68     0.356153
        69     0.352565
        70     0.348673
        71     0.344744
        72     0.340581
        73     0.336686
        74     0.330604
        75     0.326864
        76     0.320146
        77     0.314181
        78     0.308868
        79     0.302899
        80     0.297361
# Cycle: 49, status: ACC, move: ('tr', 0, 0, 0)
#     Time       Orderp
         0     0.295751
         1     0.301425
         2     0.310005
         3     0.316359
         4     0.323188
         5     0.329219
         6     0.336211
         7     0.340767
         8     0.347645
         9     0.352396
        10     0.357280
        11     0.362424
        12     0.366450
        13     0.370019
        14     0.374120
        15     0.377263
        16     0.379779
        17     0.384164
        18     0.385684
        19     0.389492
        20     0.392194
        21     0.394872
        22     0.397144
        23     0.400999
        24     0.401639
        25     0.405122
        26     0.406799
        27     0.408043
        28     0.409909
        29     0.411480
        30     0.411315
        31     0.413131
        32     0.412960
        33     0.412740
        34     0.413310
        35     0.412359
        36     0.411872
        37     0.411556
        38     0.410451
        39     0.409739
        40     0.409559
        41     0.407935
        42     0.408339
        43     0.406979
        44     0.406681
        45     0.405739
        46     0.405260
        47     0.403405
        48     0.402999
        49     0.400558
        50     0.399290
        51     0.396785
        52     0.394743
        53     0.391998
        54     0.389407
        55     0.386459
        56     0.383626
        57     0.380358
        58     0.377463
        59     0.374175
        60     0.370742
        61     0.367628
        62     0.363676
        63     0.360135
        64     0.356153
        65     0.351761
        66     0.347386
        67     0.342512
        68     0.337005
        69     0.331709
        70     0.325225
        71     0.319199
        72     0.311949
        73     0.305226
        74     0.297445
# Cycle: 50, status: NCR, move: ('s-', 0, 0, 0)
#     Time       Orderp
         0     0.299105
         1     0.304537
         2     0.310510
         3     0.314699
         4     0.320612
         5     0.324934
         6     0.329332
         7     0.333874
         8     0.337654
         9     0.340402
        10     0.344302
        11     0.346112
        12     0.348127
        13     0.350658
        14     0.351175
        15     0.352736
        16     0.353981
        17     0.354067
        18     0.354883
        19     0.355777
        20     0.354839
        21     0.355884
        22     0.355180
        23     0.354434
        24     0.354001
        25     0.352752
        26     0.350891
        27     0.349581
        28     0.346962
        29     0.344474
        30     0.341608
        31     0.338387
        32     0.334706
        33     0.331252
        34     0.326867
        35     0.322904
        36     0.317847
        37     0.313393
        38     0.307375
        39     0.302218
        40     0.295361
# Cycle: 51, status: NCR, move: ('s-', 0, 0, 0)
#     Time       Orderp
         0     0.299105
         1     0.304537
         2     0.310510
         3     0.314699
         4     0.320612
         5     0.324934
         6     0.329332
         7     0.333874
         8     0.337654
         9     0.340402
        10     0.344302
        11     0.346112
        12     0.348127
        13     0.350658
        14     0.351175
        15     0.352736
        16     0.353981
        17     0.354067
        18     0.354883
        19     0.355777
        20     0.354839
        21     0.355884
        22     0.355180
        23     0.354434
        24     0.354001
        25     0.352752
        26     0.350891
        27     0.349581
        28     0.346962
        29     0.344474
        30     0.341608
        31     0.338387
        32     0.334706
        33     0.331252
        34     0.326867
        35     0.322904
        36     0.317847
        37     0.313393
        38     0.307375
        39     0.302218
        40     0.295361
# Cycle: 52, status: NCR, move: ('s-', 0, 0, 0)
#     Time       Orderp
         0     0.299105
         1     0.304537
         2     0.310510
         3     0.314699
         4     0.320612
         5     0.324934
         6     0.329332
         7     0.333874
         8     0.337654
         9     0.340402
        10     0.344302
        11     0.346112
        12     0.348127
        13     0.350658
        14     0.351175
        15     0.352736
        16     0.353981
        17     0.354067
        18     0.354883
        19     0.355777
        20     0.354839
        21     0.355884
        22     0.355180
        23     0.354434
        24     0.354001
        25     0.352752
        26     0.350891
        27     0.349581
        28     0.346962
        29     0.344474
        30     0.341608
        31     0.338387
        32     0.334706
        33     0.331252
        34     0.326867
        35     0.322904
        36     0.317847
        37     0.313393
        38     0.307375
        39     0.302218
        40     0.295361
# Cycle: 53, status: NCR, move: ('s-', 0, 0, 0)
#     Time       Orderp
         0     0.299105
         1     0.304537
         2     0.310510
         3     0.314699
         4     0.320612
         5     0.324934
         6     0.329332
         7     0.333874
         8     0.337654
         9     0.340402
        10     0.344302
        11     0.346112
        12     0.348127
        13     0.350658
        14     0.351175
        15     0.352736
        16     0.353981
        17     0.354067
        18     0.354883
        19     0.355777
        20     0.354839
        21     0.355884
        22     0.355180
        23     0.354434
        24     0.354001
        25     0.352752
        26     0.350891
        27     0.349581
        28     0.346962
        29     0.344474
        30     0.341608
        31     0.338387
        32     0.334706
        33     0.331252
        34     0.326867
        35     0.322904
        36     0.317847
        37     0.313393
        38     0.307375
        39     0.302218
        40     0.295361
# Cycle: 54, status: ACC, move: ('sh', 0.4127400100316667, 33, 47)
#     Time       Orderp
         0     0.298437
         1     0.304033
         2     0.310247
         3     0.317053
         4     0.321645
         5     0.327436
         6     0.332160
         7     0.336423
         8     0.341239
         9     0.346225
        10     0.350263
        11     0.356233
        12     0.360148
        13     0.364996
        14     0.369549
        15     0.373070
        16     0.376181
        17     0.380172
        18     0.381999
        19     0.385164
        20     0.387771
        21     0.389664
        22     0.392272
        23     0.394555
        24     0.396113
        25     0.398636
        26     0.400257
        27     0.401437
        28     0.403491
        29     0.404032
        30     0.404976
        31     0.405961
        32     0.406289
        33     0.406561
        34     0.407584
        35     0.407211
        36     0.408151
        37     0.408531
        38     0.408871
        39     0.409774
        40     0.410646
        41     0.410731
        42     0.412206
        43     0.412505
        44     0.412502
        45     0.413704
        46     0.413144
        47     0.412740
        48     0.413062
        49     0.411538
        50     0.410743
        51     0.409846
        52     0.408022
        53     0.406527
        54     0.405098
        55     0.403078
        56     0.401641
        57     0.399963
        58     0.398587
        59     0.397228
        60     0.395810
        61     0.395082
        62     0.393567
        63     0.393026
        64     0.392078
        65     0.391335
        66     0.390478
        67     0.389903
        68     0.388368
        69     0.387676
        70     0.385599
        71     0.384314
        72     0.381901
        73     0.380093
        74     0.376925
        75     0.374971
        76     0.370894
        77     0.368388
        78     0.364823
        79     0.361508
        80     0.358355
        81     0.356133
        82     0.352463
        83     0.350682
        84     0.347757
        85     0.344880
        86     0.341736
        87     0.338184
        88     0.334247
        89     0.329832
        90     0.324964
        91     0.320028
        92     0.314487
        93     0.307971
        94     0.302663
        95     0.296222
# Cycle: 55, status: ACC, move: ('tr', 0, 0, 0)
#     Time       Orderp
         0     0.296222
         1     0.302663
         2     0.307971
         3     0.314487
         4     0.320028
         5     0.324964
         6     0.329832
         7     0.334247
         8     0.338184
         9     0.341736
        10     0.344880
        11     0.347757
        12     0.350682
        13     0.352463
        14     0.356133
        15     0.358355
        16     0.361508
        17     0.364823
        18     0.368388
        19     0.370894
        20     0.374971
        21     0.376925
        22     0.380093
        23     0.381901
        24     0.384314
        25     0.385599
        26     0.387676
        27     0.388368
        28     0.389903
        29     0.390478
        30     0.391335
        31     0.392078
        32     0.393026
        33     0.393567
        34     0.395082
        35     0.395810
        36     0.397228
        37     0.398587
        38     0.399963
        39     0.401641
        40     0.403078
        41     0.405098
        42     0.406527
        43     0.408022
        44     0.409846
        45     0.410743
        46     0.411538
        47     0.413062
        48     0.412740
        49     0.413144
        50     0.413704
        51     0.412502
        52     0.412505
        53     0.412206
        54     0.410731
        55     0.410646
        56     0.409774
        57     0.408871
        58     0.408531
        59     0.408151
        60     0.407211
        61     0.407584
        62     0.406561
        63     0.406289
        64     0.405961
        65     0.404976
        66     0.404032
        67     0.403491
        68     0.401437
        69     0.400257
        70     0.398636
        71     0.396113
        72     0.394555
        73     0.392272
        74     0.389664
        75     0.387771
        76     0.385164
        77     0.381999
        78     0.380172
        79     0.376181
        80     0.373070
        81     0.369549
        82     0.364996
        83     0.360148
        84     0.356233
        85     0.350263
        86     0.346225
        87     0.341239
        88     0.336423
        89     0.332160
        90     0.327436
        91     0.321645
        92     0.317053
        93     0.310247
        94     0.304033
        95     0.298437
# Cycle: 56, status: NCR, move: ('s+', 0.4999558123551619, 52, 38)
#     Time       Orderp
         0     0.296072
         1     0.306020
         2     0.315011
         3     0.324129
         4     0.331727
         5     0.339072
         6     0.345397
         7     0.351913
         8     0.357583
         9     0.363800
        10     0.369863
        11     0.376765
        12     0.383141
        13     0.390157
        14     0.396911
        15     0.403455
        16     0.409290
        17     0.415046
        18     0.420619
        19     0.424364
        20     0.429416
        21     0.432769
        22     0.435925
        23     0.439403
        24     0.442135
        25     0.445488
        26     0.448591
        27     0.452852
        28     0.456750
        29     0.461864
        30     0.466301
        31     0.471790
        32     0.476645
        33     0.480950
        34     0.485825
        35     0.489959
        36     0.492823
        37     0.497578
        38     0.499956
        39     0.503322
# Cycle: 57, status: NCR, move: ('s+', 0.4999558123551619, 52, 38)
#     Time       Orderp
         0     0.296072
         1     0.306020
         2     0.315011
         3     0.324129
         4     0.331727
         5     0.339072
         6     0.345397
         7     0.351913
         8     0.357583
         9     0.363800
        10     0.369863
        11     0.376765
        12     0.383141
        13     0.390157
        14     0.396911
        15     0.403455
        16     0.409290
        17     0.415046
        18     0.420619
        19     0.424364
        20     0.429416
        21     0.432769
        22     0.435925
        23     0.439403
        24     0.442135
        25     0.445488
        26     0.448591
        27     0.452852
        28     0.456750
        29     0.461864
        30     0.466301
        31     0.471790
        32     0.476645
        33     0.480950
        34     0.485825
        35     0.489959
        36     0.492823
        37     0.497578
        38     0.499956
        39     0.503322
# Cycle: 58, status: NCR, move: ('sh', 0.38431424584144935, 24, 26)
#     Time       Orderp
         0     0.297313
         1     0.300311
         2     0.304625
         3     0.308900
         4     0.312902
         5     0.319249
         6     0.323643
         7     0.328607
         8     0.332988
         9     0.335809
        10     0.338365
        11     0.340731
        12     0.342176
        13     0.344655
        14     0.347505
        15     0.349387
        16     0.353650
        17     0.356495
        18     0.360405
        19     0.364205
        20     0.368195
        21     0.371343
        22     0.375024
        23     0.377524
        24     0.380223
        25     0.382110
        26     0.384314
        27     0.385383
        28     0.387762
        29     0.388165
        30     0.390237
        31     0.391264
        32     0.392347
        33     0.393530
        34     0.395012
        35     0.394525
        36     0.396106
        37     0.395604
        38     0.395049
        39     0.396094
        40     0.395103
        41     0.395338
        42     0.396266
        43     0.396181
        44     0.396432
        45     0.398319
        46     0.397261
        47     0.398466
        48     0.398023
        49     0.397029
        50     0.395951
        51     0.394728
        52     0.392152
        53     0.391080
        54     0.388827
        55     0.386906
        56     0.385872
        57     0.383955
        58     0.383166
        59     0.382066
        60     0.381358
        61     0.380463
        62     0.379458
        63     0.378250
        64     0.376739
        65     0.374325
        66     0.372181
        67     0.369200
        68     0.365837
        69     0.362324
        70     0.359006
        71     0.355095
        72     0.351145
        73     0.348387
        74     0.343658
        75     0.339893
        76     0.336216
        77     0.330978
        78     0.326494
        79     0.322028
        80     0.315981
        81     0.310619
        82     0.304709
        83     0.297482
