         0          1          0 L M R      43 ACC ki  2.953216052e-01  5.036567056e-01       0      42  0.000000000e+00       0       0  1.000000000e+00
         1          1          0 * M *      69 BTL sh  3.035610661e-01  4.582985400e-01       0      65  3.035610661e-01       1       0  1.000000000e+00
         2          1          0 L * L      30 NCR sh  2.969880445e-01  3.289076030e-01      29      14  3.286676924e-01       4      12  1.000000000e+00
         3          1          0 * * *      64 BTL sh  4.182485836e-01  4.653454382e-01       0      56  4.182485836e-01      20       0  1.000000000e+00
         4          1          0 * * R       9 BWI sh  4.848889516e-01  5.014549954e-01       0       8  4.848889516e-01      37       0  1.000000000e+00
         5          2          0 L M R      36 ACC s+  2.953448477e-01  5.012290389e-01       0      35  0.000000000e+00       0       0  1.000000000e+00
         6          3          0 L M R      43 ACC s+  2.953216052e-01  5.036567056e-01       0      42  0.000000000e+00       0       0  1.000000000e+00
         7          3          0 R M L      43 BWI tr  2.953216052e-01  5.036567056e-01      42       0  0.000000000e+00       0       0  1.000000000e+00
         8          4          0 L M R      36 ACC s+  2.953448477e-01  5.012290389e-01       0      35  0.000000000e+00       0       0  1.000000000e+00
         9          5          1 L M R      48 ACC sh  2.941697640e-01  5.014697206e-01       0      47  4.524238566e-01      25      33  1.000000000e+00
        10          5          1 R M L      48 BWI tr  2.941697640e-01  5.014697206e-01      47       0  0.000000000e+00       0       0  1.000000000e+00
        11          5          1 L * L      36 NCR sh  2.983507087e-01  3.286577145e-01       0      21  3.075070205e-01       2      31  1.000000000e+00
        12          5          1 L * L      50 NCR s-  2.960101674e-01  3.818596372e-01      49      24  0.000000000e+00       0       0  1.000000000e+00
        13          6          1 L M R      43 ACC s+  2.953216052e-01  5.036567056e-01       0      42  0.000000000e+00       0       0  1.000000000e+00
        14          6          1 L M *      87 FTL sh  2.984006591e-01  4.927757647e-01       0      86  4.380020219e-01      24      39  1.000000000e+00
        15          6          1 R M L      43 BWI tr  2.953216052e-01  5.036567056e-01      42       0  0.000000000e+00       0       0  1.000000000e+00
        16          6          1 L M *      46 FTL sh  2.963383267e-01  4.120106369e-01       0      42  4.083593026e-01      18      38  1.000000000e+00
        17          7          2 L M L     100 ACC sh  2.941813614e-01  4.297396425e-01      99      41  3.878555777e-01      14      81  1.000000000e+00
        18          7          2 L M R      54 NCR s+  2.968466333e-01  5.037123427e-01       0      53  4.212716857e-01      24      26  1.000000000e+00
        19          7          2 L M R      54 NCR s+  2.968466333e-01  5.037123427e-01       0      53  4.212716857e-01      24      26  1.000000000e+00
        20          7          2 L M R      54 NCR s+  2.968466333e-01  5.037123427e-01       0      53  4.212716857e-01      24      26  1.000000000e+00
        21          8          3 L M L      80 ACC sh  2.951111993e-01  4.119737600e-01       0      41  3.968691012e-01      21      54  1.000000000e+00
        22          8          3 L * L      56 NCR s-  2.933355030e-01  3.937715574e-01      55      26  3.658460050e-01      14      42  1.000000000e+00
        23          9          4 L M L      88 ACC sh  2.963493474e-01  4.028097446e-01      87      48  3.508431404e-01      70      76  1.000000000e+00
        24          9          4 L M R      40 NCR s+  2.960721817e-01  5.033218792e-01       0      39  4.999558124e-01      52      38  1.000000000e+00
        25          9          4 L M R      40 NCR s+  2.960721817e-01  5.033218792e-01       0      39  4.999558124e-01      52      38  1.000000000e+00
        26         10          4 L M L      88 ACC tr  2.963493474e-01  4.028097446e-01       0      39  0.000000000e+00       0       0  1.000000000e+00
        27         11          4 L M L      88 ACC tr  2.963493474e-01  4.028097446e-01      87      48  0.000000000e+00       0       0  1.000000000e+00
        28         12          4 L M L      88 ACC tr  2.963493474e-01  4.028097446e-01       0      39  0.000000000e+00       0       0  1.000000000e+00
        29         12          4 L M *     100 FTL sh  2.952194962e-01  4.274608287e-01       0      70  3.996463400e-01      48      37  1.000000000e+00
        30         12          4 L * L      49 NCR s-  2.961515715e-01  3.659795221e-01       0      25  3.651193419e-01      70      24  1.000000000e+00
        31         12          4 L M *     188 FTL sh  2.984683551e-01  4.665924789e-01       0     107  3.990922274e-01      50      31  1.000000000e+00
        32         12          4 L M R      40 NCR s+  2.960721817e-01  5.033218792e-01       0      39  4.999558124e-01      52      38  1.000000000e+00
        33         13          5 L M L      75 ACC sh  2.957508246e-01  4.133102777e-01      74      40  3.707415791e-01      20      14  1.000000000e+00
        34         13          5 L * L      48 NCR s-  2.950098671e-01  3.697996188e-01      47      23  3.659795221e-01      25      29  1.000000000e+00
        35         13          5 L * L      48 NCR s-  2.950098671e-01  3.697996188e-01      47      23  3.659795221e-01      25      29  1.000000000e+00
        36         13          5 * M *     115 BTL sh  3.939263814e-01  4.625271440e-01     114      48  4.133102777e-01      40       0  1.000000000e+00
        37         13          5 L M R      40 NCR s+  2.960721817e-01  5.033218792e-01       0      39  4.999558124e-01      52      38  1.000000000e+00
        38         13          5 L * L      52 NCR s-  2.960439901e-01  3.664515930e-01      51      25  3.633803720e-01      30      21  1.000000000e+00
        39         13          5 L M R      40 NCR s+  2.960721817e-01  5.033218792e-01       0      39  4.999558124e-01      52      38  1.000000000e+00
        40         13          5 L * L      52 NCR s-  2.960439901e-01  3.664515930e-01      51      25  3.633803720e-01      30      21  1.000000000e+00
        41         13          5 L * L      52 NCR s-  2.960439901e-01  3.664515930e-01      51      25  3.633803720e-01      30      21  1.000000000e+00
        42         13          5 L M R      40 NCR s+  2.960721817e-01  5.033218792e-01       0      39  4.999558124e-01      52      38  1.000000000e+00
        43         13          5 L * L      52 NCR s-  2.960439901e-01  3.664515930e-01      51      25  3.633803720e-01      30      21  1.000000000e+00
        44         13          5 L M R      40 NCR s+  2.960721817e-01  5.033218792e-01       0      39  4.999558124e-01      52      38  1.000000000e+00
        45         13          5 L M R      40 NCR s+  2.960721817e-01  5.033218792e-01       0      39  4.999558124e-01      52      38  1.000000000e+00
        46         13          5 L M R      40 NCR s+  2.960721817e-01  5.033218792e-01       0      39  4.999558124e-01      52      38  1.000000000e+00
        47         13          5 L M R      40 NCR s+  2.960721817e-01  5.033218792e-01       0      39  4.999558124e-01      52      38  1.000000000e+00
        48         13          5 L * L      81 NCR sh  2.973609451e-01  3.975758560e-01      80      43  3.561528248e-01      10      68  1.000000000e+00
        49         14          5 L M L      75 ACC tr  2.957508246e-01  4.133102777e-01       0      34  0.000000000e+00       0       0  1.000000000e+00
        50         14          5 L * L      41 NCR s-  2.953611092e-01  3.558843299e-01      40      21  0.000000000e+00       0       0  1.000000000e+00
        51         14          5 L * L      41 NCR s-  2.953611092e-01  3.558843299e-01      40      21  0.000000000e+00       0       0  1.000000000e+00
        52         14          5 L * L      41 NCR s-  2.953611092e-01  3.558843299e-01      40      21  0.000000000e+00       0       0  1.000000000e+00
        53         14          5 L * L      41 NCR s-  2.953611092e-01  3.558843299e-01      40      21  0.000000000e+00       0       0  1.000000000e+00
        54         15          6 L M L      96 ACC sh  2.962217539e-01  4.137042573e-01      95      45  4.127400100e-01      33      47  1.000000000e+00
        55         16          6 L M L      96 ACC tr  2.962217539e-01  4.137042573e-01       0      50  0.000000000e+00       0       0  1.000000000e+00
        56         16          6 L M R      40 NCR s+  2.960721817e-01  5.033218792e-01       0      39  4.999558124e-01      52      38  1.000000000e+00
        57         16          6 L M R      40 NCR s+  2.960721817e-01  5.033218792e-01       0      39  4.999558124e-01      52      38  1.000000000e+00
        58         16          6 L * L      84 NCR sh  2.973126511e-01  3.984660808e-01       0      47  3.843142458e-01      24      26  1.000000000e+00
