     0     3.405775
     1     3.553388
     2     3.685183
     3     3.798557
     4     3.899293
     5     3.995621
     6     4.083604
     7     4.174368
     8     4.269231
     9     4.351300
    10     4.421028
    11     4.475204
    12     4.533788
    13     4.584476
    14     4.625989
    15     4.643663
    16     4.656856
    17     4.669195
    18     4.686536
    19     4.700310
    20     4.707870
    21     4.704352
    22     4.704881
    23     4.718190
    24     4.727516
    25     4.733577
    26     4.723916
    27     4.701032
    28     4.680700
    29     4.653340
    30     4.623306
    31     4.595518
    32     4.564308
    33     4.519733
    34     4.465116
    35     4.406680
    36     4.335893
    37     4.260608
    38     4.169892
    39     4.073271
    40     3.977583
    41     3.871773
    42     3.739962
    43     3.589124
    44     3.432965
