# Cycle: 199991, status: ACC, move: ('sh', 0.297364716, 53, 16)
#     Time      Potential        Kinetic
         0      -0.296588       0.174840            nan            nan
         1      -0.278513       0.131291            nan            nan
         2      -0.262430       0.110917            nan            nan
         3      -0.248716       0.085432            nan            nan
         4      -0.236818       0.070718            nan            nan
         5      -0.225751       0.068356            nan            nan
         6      -0.215742       0.038729            nan            nan
         7      -0.208048       0.030790            nan            nan
         8      -0.201405       0.018309            nan            nan
         9      -0.196183       0.010547            nan            nan
        10      -0.191555       0.015047            nan            nan
        11      -0.186105       0.019058            nan            nan
        12      -0.181211       0.010374            nan            nan
        13      -0.177097       0.011420            nan            nan
        14      -0.172740       0.009721            nan            nan
        15      -0.170021       0.002975            nan            nan
        16      -0.169032       0.000013            nan            nan
        17      -0.169337       0.000421            nan            nan
        18      -0.170723       0.002386            nan            nan
        19      -0.172951       0.006370            nan            nan
        20      -0.177007       0.012614            nan            nan
        21      -0.182445       0.019949            nan            nan
        22      -0.189614       0.037251            nan            nan
        23      -0.196986       0.038146            nan            nan
        24      -0.205310       0.043692            nan            nan
        25      -0.214195       0.047373            nan            nan
        26      -0.223349       0.044031            nan            nan
        27      -0.233556       0.061530            nan            nan
        28      -0.245902       0.082699            nan            nan
        29      -0.259511       0.103004            nan            nan
        30      -0.274026       0.115747            nan            nan
        31      -0.290559       0.145849            nan            nan
        32      -0.309970       0.183398            nan            nan
