# Cycle: 199991, status: ACC, move: ('sh', 0.297364716, 53, 16)
#     Time       Orderp
         0     0.401626
         1     0.388067
         2     0.375740
         3     0.365012
         4     0.355524
         5     0.346534
         6     0.338255
         7     0.331788
         8     0.326126
         9     0.321623
        10     0.317591
        11     0.312792
        12     0.308432
        13     0.304729
        14     0.300769
        15     0.298275
        16     0.297365
        17     0.297646
        18     0.298921
        19     0.300961
        20     0.304648
        21     0.309536
        22     0.315889
        23     0.322319
        24     0.329463
        25     0.336963
        26     0.344561
        27     0.352891
        28     0.362784
        29     0.373475
        30     0.384654
        31     0.397136
        32     0.411485
