# Total matched probability. Interfaces: -0.8 , -0.7 , -0.6 , -0.5 , -0.4 , -0.3 , 1.0
-9.899999999999999911e-01 1.000000000000000000e+00
-9.880099999999999438e-01 9.909875485966024300e-01
-9.860200000000000076e-01 9.840065923865877195e-01
-9.840299999999999603e-01 9.774023861942520153e-01
-9.820400000000000240e-01 9.704214299842441882e-01
-9.800499999999999767e-01 9.647923414847485724e-01
-9.780600000000000405e-01 9.598724294891235465e-01
-9.760699999999999932e-01 9.539773998006736422e-01
-9.740799999999999459e-01 9.487767721056046266e-01
-9.720900000000000096e-01 9.421725659132678121e-01
-9.700999999999999623e-01 9.362405999485697849e-01
-9.681100000000000261e-01 9.295181976722602935e-01
-9.661199999999999788e-01 9.227957953959561310e-01
-9.641300000000000425e-01 9.158296136964483303e-01
-9.621399999999999952e-01 9.093362163328515546e-01
-9.601499999999999480e-01 9.010698777095798029e-01
-9.581600000000000117e-01 8.933723577404351079e-01
-9.561699999999999644e-01 8.865539211458972613e-01
-9.541800000000000281e-01 8.772164305115588423e-01
-9.521899999999999809e-01 8.688171212938048393e-01
-9.501999999999999336e-01 8.616293219368372780e-01
-9.482099999999999973e-01 8.533703705688079344e-01
-9.462199999999999500e-01 8.453404241134879760e-01
-9.442300000000000137e-01 8.364461687940595302e-01
-9.422399999999999665e-01 8.262222075298745194e-01
-9.402500000000000302e-01 8.166557119828208311e-01
-9.382599999999999829e-01 8.070153438832823323e-01
-9.362699999999999356e-01 7.966953483008578640e-01
-9.342799999999999994e-01 7.864935488024190624e-01
-9.322899999999999521e-01 7.752649208244102308e-01
-9.303000000000000158e-01 7.647602438607858932e-01
-9.283099999999999685e-01 7.541521453236713635e-01
-9.263200000000000323e-01 7.438469242517543600e-01
-9.243299999999999850e-01 7.337559335820303952e-01
-9.223399999999999377e-01 7.212640849565017387e-01
-9.203500000000000014e-01 7.099689716812490614e-01
-9.183599999999999541e-01 6.994273584413746025e-01
-9.163700000000000179e-01 6.881396324213826521e-01
-9.143799999999999706e-01 6.758472396875553345e-01
-9.123900000000000343e-01 6.637912391216953534e-01
-9.103999999999999870e-01 6.516613660033455657e-01
-9.084099999999999397e-01 6.395019438639889531e-01
-9.064200000000000035e-01 6.282659286307253899e-01
-9.044299999999999562e-01 6.166014525930387791e-01
-9.024400000000000199e-01 6.049813000868499158e-01
-9.004499999999999726e-01 5.936935740668505268e-01
-8.984600000000000364e-01 5.807732646368999330e-01
-8.964699999999999891e-01 5.698253523583403091e-01
-8.944799999999999418e-01 5.580352929814335061e-01
-8.924900000000000055e-01 5.469322483426554138e-01
-8.904999999999999583e-01 5.355706497701673285e-01
-8.885100000000000220e-01 5.250585855512909239e-01
-8.865199999999999747e-01 5.131946536218990884e-01
-8.845300000000000384e-01 5.016557609234449933e-01
-8.825399999999999912e-01 4.912471182780380752e-01
-8.805499999999999439e-01 4.800775883420241308e-01
-8.785600000000000076e-01 4.705997398579587765e-01
-8.765699999999999603e-01 4.617571953252789796e-01
-8.745800000000000241e-01 4.523088958622019651e-01
-8.725899999999999768e-01 4.403563168698160224e-01
-8.706000000000000405e-01 4.298220908851796418e-01
-8.686099999999999932e-01 4.202334335723855729e-01
-8.666199999999999459e-01 4.100168595634393065e-01
-8.646300000000000097e-01 3.994678590683142794e-01
-8.626399999999999624e-01 3.894655154615936365e-01
-8.606500000000000261e-01 3.787687698614832787e-01
-8.586599999999999788e-01 3.692244360801774095e-01
-8.566700000000000426e-01 3.598056856381056656e-01
-8.546799999999999953e-01 3.504977440247680764e-01
-8.526899999999999480e-01 3.421427583384973881e-01
-8.507000000000000117e-01 3.328717530013906023e-01
-8.487099999999999644e-01 3.238962378742262782e-01
-8.467200000000000282e-01 3.153713453172329872e-01
-8.447299999999999809e-01 3.077624724110830101e-01
-8.427400000000000446e-01 2.997916239977443387e-01
-8.407499999999999973e-01 2.910746628042902295e-01
-8.387599999999999500e-01 2.829930055622311702e-01
-8.367700000000000138e-01 2.756943973765265121e-01
-8.347799999999999665e-01 2.682923676173455951e-01
-8.327900000000000302e-01 2.614665437675617321e-01
-8.307999999999999829e-01 2.545225238337934237e-01
-8.288100000000000467e-01 2.478592195994795688e-01
-8.268199999999999994e-01 2.409299741762112868e-01
-8.248299999999999521e-01 2.329517385076342040e-01
-8.228400000000000158e-01 2.266208607595086577e-01
-8.208499999999999686e-01 2.207332183262978864e-01
-8.188599999999999213e-01 2.138630709450120015e-01
-8.168699999999999850e-01 2.081674971482778413e-01
-8.148800000000000487e-01 2.014524821272125066e-01
-8.128900000000000015e-01 1.941908102177540563e-01
-8.108999999999999542e-01 1.886282070155061996e-01
-8.089100000000000179e-01 1.826814665403153626e-01
-8.069199999999999706e-01 1.769711182330719612e-01
-8.049299999999999233e-01 1.719625591744723403e-01
-8.029399999999999871e-01 1.670130981578543672e-01
-8.009500000000000508e-01 1.617681469312854670e-01
-8.000000000000000444e-01 1.593229654439655973e-01
-7.982000000000000206e-01 1.547309242064427437e-01
-7.963999999999999968e-01 1.503132857312202142e-01
-7.946000000000000840e-01 1.466608072611954028e-01
-7.928000000000000602e-01 1.425574921937103612e-01
-7.910000000000000364e-01 1.383496354550257657e-01
-7.892000000000000126e-01 1.337925131849561078e-01
-7.874000000000000998e-01 1.295373996457440113e-01
-7.856000000000000760e-01 1.254486348810496255e-01
-7.838000000000000522e-01 1.212795725329047919e-01
-7.820000000000000284e-01 1.175077570375803876e-01
-7.802000000000000046e-01 1.139394780836945065e-01
-7.784000000000000918e-01 1.104843222857975343e-01
-7.766000000000000680e-01 1.070187936006831708e-01
-7.748000000000000442e-01 1.037433505037583525e-01
-7.730000000000000204e-01 1.005968606125161036e-01
-7.711999999999999966e-01 9.745887389117058319e-02
-7.694000000000000838e-01 9.418843023461523356e-02
-7.676000000000000600e-01 9.139356964096963243e-02
-7.658000000000000362e-01 8.851100467306345643e-02
-7.640000000000000124e-01 8.584846119672120968e-02
-7.621999999999999886e-01 8.314148061847989601e-02
-7.604000000000000759e-01 8.032722262170387262e-02
-7.586000000000000520e-01 7.795361047170663860e-02
-7.568000000000000282e-01 7.550045636042411468e-02
-7.550000000000000044e-01 7.290790218251140542e-02
-7.532000000000000917e-01 7.040489026896465385e-02
-7.514000000000000679e-01 6.809278875069521564e-02
-7.496000000000000441e-01 6.590391672071344020e-02
-7.478000000000000203e-01 6.395393189075089524e-02
-7.459999999999999964e-01 6.191309618357561384e-02
-7.442000000000000837e-01 5.970120498183201924e-02
-7.424000000000000599e-01 5.774733166844103760e-02
-7.406000000000000361e-01 5.562490539343138002e-02
-7.388000000000000123e-01 5.375597784630941484e-02
-7.370000000000000995e-01 5.202388783666874600e-02
-7.352000000000000757e-01 5.021761060984455266e-02
-7.334000000000000519e-01 4.850851675467739849e-02
-7.316000000000000281e-01 4.688728023091331271e-02
-7.298000000000000043e-01 4.518733520361301742e-02
-7.280000000000000915e-01 4.382173898349647767e-02
-7.262000000000000677e-01 4.236355606961875880e-02
-7.244000000000000439e-01 4.088925266971889932e-02
-7.226000000000000201e-01 3.966983279855820083e-02
-7.208000000000001073e-01 3.825917820940734349e-02
-7.190000000000000835e-01 3.699697500871351047e-02
-7.172000000000000597e-01 3.556219746804507864e-02
-7.154000000000000359e-01 3.422743109916158433e-02
-7.136000000000000121e-01 3.308846344185840949e-02
-7.117999999999999883e-01 3.171973022988962276e-02
-7.100000000000000755e-01 3.054733865728825187e-02
-7.082000000000000517e-01 2.942290491740058925e-02
-7.064000000000000279e-01 2.845644786631105344e-02
-7.046000000000000041e-01 2.732329024604726944e-02
-7.028000000000000913e-01 2.639672686726020345e-02
-7.010000000000000675e-01 2.537788954814101591e-02
-6.999999999999999556e-01 2.487013133893008557e-02
-6.982999999999999208e-01 2.394088974775325160e-02
-6.965999999999999970e-01 2.315427047465734925e-02
-6.948999999999999622e-01 2.247550076452069223e-02
-6.931999999999999273e-01 2.165823893284756635e-02
-6.915000000000000036e-01 2.092733973059220445e-02
-6.897999999999999687e-01 2.025064142299706424e-02
-6.880999999999999339e-01 1.946195826539999507e-02
-6.864000000000000101e-01 1.876732851270326158e-02
-6.846999999999999753e-01 1.803299191687220485e-02
-6.829999999999999405e-01 1.731623959754914274e-02
-6.812999999999999057e-01 1.673556578981570675e-02
-6.795999999999999819e-01 1.619761703395434377e-02
-6.778999999999999471e-01 1.558326828863564918e-02
-6.761999999999999122e-01 1.504435499061012108e-02
-6.744999999999999885e-01 1.446725401084691248e-02
-6.727999999999999536e-01 1.396824783158777394e-02
-6.710999999999999188e-01 1.347236244258835994e-02
-6.693999999999999950e-01 1.303147055988546250e-02
-6.676999999999999602e-01 1.256558654665727165e-02
-6.659999999999999254e-01 1.210070726868747379e-02
-6.643000000000000016e-01 1.166841142434097388e-02
-6.625999999999999668e-01 1.128027763852933359e-02
-6.608999999999999320e-01 1.088230675568575834e-02
-6.592000000000000082e-01 1.050805283967319766e-02
-6.574999999999999734e-01 1.011511463262800350e-02
-6.557999999999999385e-01 9.752189719567209286e-03
-6.540999999999999037e-01 9.386528234094991541e-03
-6.523999999999999799e-01 9.033822876926354828e-03
-6.506999999999999451e-01 8.690145722370951065e-03
-6.489999999999999103e-01 8.395998727747586154e-03
-6.472999999999999865e-01 8.084048870600346950e-03
-6.455999999999999517e-01 7.786870040826351404e-03
-6.438999999999999169e-01 7.540824582917793686e-03
-6.421999999999999931e-01 7.279366515127462176e-03
-6.404999999999999583e-01 7.015981752922874348e-03
-6.387999999999999234e-01 6.788503298237538383e-03
-6.370999999999999996e-01 6.545737872748477043e-03
-6.353999999999999648e-01 6.271973108404793086e-03
-6.336999999999999300e-01 6.069789147837571092e-03
-6.320000000000000062e-01 5.869712527032180070e-03
-6.302999999999999714e-01 5.661296389337768312e-03
-6.285999999999999366e-01 5.466091874359237969e-03
-6.269000000000000128e-01 5.261216212322419178e-03
-6.251999999999999780e-01 5.064845794328969898e-03
-6.234999999999999432e-01 4.899348332606499185e-03
-6.217999999999999083e-01 4.719110087196688556e-03
-6.200999999999999845e-01 4.546731781583027501e-03
-6.183999999999999497e-01 4.389737876124430276e-03
-6.166999999999999149e-01 4.219481605333057737e-03
-6.149999999999999911e-01 4.070765052148025975e-03
-6.132999999999999563e-01 3.948640190218792763e-03
-6.115999999999999215e-01 3.776743967679406164e-03
-6.098999999999999977e-01 3.658164679520812222e-03
-6.081999999999999629e-01 3.544036913351132547e-03
-6.064999999999999281e-01 3.421193545604235726e-03
-6.048000000000000043e-01 3.291140840136119652e-03
-6.030999999999999694e-01 3.156386951290972385e-03
-6.013999999999999346e-01 3.035785775604353358e-03
-5.999999999999999778e-01 2.951741725390841491e-03
-5.983999999999999320e-01 2.857549926912982159e-03
-5.967999999999999972e-01 2.756822952831714923e-03
-5.951999999999999513e-01 2.661845849657824489e-03
-5.936000000000000165e-01 2.568947037751461056e-03
-5.919999999999999707e-01 2.487138756788358825e-03
-5.903999999999999249e-01 2.397601691235351148e-03
-5.887999999999999901e-01 2.308866463280731616e-03
-5.871999999999999442e-01 2.231774271218023905e-03
-5.856000000000000094e-01 2.154322115820803650e-03
-5.839999999999999636e-01 2.083260250600477408e-03
-5.824000000000000288e-01 2.005319979504278666e-03
-5.807999999999999829e-01 1.935779187070845462e-03
-5.791999999999999371e-01 1.863338041532879756e-03
-5.776000000000000023e-01 1.802296714677141358e-03
-5.759999999999999565e-01 1.736309567507019576e-03
-5.744000000000000217e-01 1.680183549299751325e-03
-5.727999999999999758e-01 1.618111852451442102e-03
-5.711999999999999300e-01 1.561093933865462333e-03
-5.695999999999999952e-01 1.508320828906913871e-03
-5.679999999999999494e-01 1.464073644185840501e-03
-5.664000000000000146e-01 1.414404750208583805e-03
-5.647999999999999687e-01 1.365010120240057112e-03
-5.631999999999999229e-01 1.317563067646965831e-03
-5.615999999999999881e-01 1.269665770290236877e-03
-5.599999999999999423e-01 1.231039675881771519e-03
-5.584000000000000075e-01 1.191847088461276283e-03
-5.567999999999999616e-01 1.147172028294747093e-03
-5.552000000000000268e-01 1.108268196967113553e-03
-5.535999999999999810e-01 1.070623824291077383e-03
-5.519999999999999352e-01 1.033071452553918374e-03
-5.504000000000000004e-01 9.956836871475120958e-04
-5.487999999999999545e-01 9.569994770545611545e-04
-5.472000000000000197e-01 9.205758718375017975e-04
-5.455999999999999739e-01 8.894739590032463891e-04
-5.439999999999999281e-01 8.587052860008104627e-04
-5.423999999999999932e-01 8.262649166435586398e-04
-5.407999999999999474e-01 7.946965110457733083e-04
-5.392000000000000126e-01 7.650240401006855751e-04
-5.375999999999999668e-01 7.393459982207857377e-04
-5.360000000000000320e-01 7.111467036631096165e-04
-5.343999999999999861e-01 6.863641091556962719e-04
-5.327999999999999403e-01 6.591688475364521679e-04
-5.312000000000000055e-01 6.399965235555050373e-04
-5.295999999999999597e-01 6.200900019323044758e-04
-5.280000000000000249e-01 5.982893641127861499e-04
-5.263999999999999790e-01 5.786746821451865244e-04
-5.247999999999999332e-01 5.574544153604080480e-04
-5.231999999999999984e-01 5.384630927138821287e-04
-5.215999999999999526e-01 5.218762000002872756e-04
-5.200000000000000178e-01 5.063951287434442696e-04
-5.183999999999999719e-01 4.901069729450591812e-04
-5.167999999999999261e-01 4.741422665121884997e-04
-5.151999999999999913e-01 4.561344549335704366e-04
-5.135999999999999455e-01 4.415662874189018911e-04
-5.120000000000000107e-01 4.267781269267364812e-04
-5.103999999999999648e-01 4.103924795157999888e-04
-5.087999999999999190e-01 3.966500378699155558e-04
-5.071999999999999842e-01 3.823766315190081752e-04
-5.055999999999999384e-01 3.690700251611045250e-04
-5.040000000000000036e-01 3.547817505864286534e-04
-5.023999999999999577e-01 3.447792066482365816e-04
-5.007999999999999119e-01 3.350561738072756180e-04
-5.000000000000000000e-01 3.292924965375112123e-04
-4.984999999999999987e-01 3.188039088688920291e-04
-4.969999999999999973e-01 3.072988083192759994e-04
-4.954999999999999960e-01 2.969828830787442408e-04
-4.939999999999999947e-01 2.879546407195016935e-04
-4.924999999999999933e-01 2.783805089423894812e-04
-4.909999999999999920e-01 2.686942441444595178e-04
-4.894999999999999907e-01 2.600863036142115475e-04
-4.879999999999999893e-01 2.527810320876444899e-04
-4.864999999999999880e-01 2.450667489306442817e-04
-4.849999999999999867e-01 2.370244054718224176e-04
-4.834999999999999853e-01 2.298490106341957956e-04
-4.819999999999999840e-01 2.229484409905800385e-04
-4.804999999999999827e-01 2.160820321733710457e-04
-4.789999999999999813e-01 2.096505064535276346e-04
-4.774999999999999800e-01 2.030604114318856283e-04
-4.759999999999999787e-01 1.965209043525108690e-04
-4.744999999999999774e-01 1.908770075735008768e-04
-4.729999999999999760e-01 1.851542900826767205e-04
-4.714999999999999747e-01 1.794507222024059492e-04
-4.699999999999999734e-01 1.735216338659320947e-04
-4.685000000000000275e-01 1.682717583417907596e-04
-4.669999999999999707e-01 1.636066200680042447e-04
-4.655000000000000249e-01 1.585353541896063949e-04
-4.639999999999999680e-01 1.535043611812208358e-04
-4.625000000000000222e-01 1.488035767046154640e-04
-4.610000000000000209e-01 1.441176905183046207e-04
-4.595000000000000195e-01 1.394449783539726399e-04
-4.580000000000000182e-01 1.345364861452606991e-04
-4.565000000000000169e-01 1.302427166485742283e-04
-4.550000000000000155e-01 1.263838889575099114e-04
-4.535000000000000142e-01 1.225991546886684056e-04
-4.520000000000000129e-01 1.186832551795327526e-04
-4.505000000000000115e-01 1.154235194632582387e-04
-4.490000000000000102e-01 1.125062745764379040e-04
-4.475000000000000089e-01 1.087521822222749397e-04
-4.460000000000000075e-01 1.054528122775497259e-04
-4.445000000000000062e-01 1.026840331950934243e-04
-4.430000000000000049e-01 9.969646796131103402e-05
-4.415000000000000036e-01 9.695708775692465215e-05
-4.400000000000000022e-01 9.400442636044097446e-05
-4.385000000000000009e-01 9.091409340742302215e-05
-4.369999999999999996e-01 8.808065956096656286e-05
-4.354999999999999982e-01 8.558207845676236254e-05
-4.339999999999999969e-01 8.295810283375343569e-05
-4.324999999999999956e-01 8.047231294136911889e-05
-4.309999999999999942e-01 7.804822565395265867e-05
-4.294999999999999929e-01 7.606058914947618009e-05
-4.279999999999999916e-01 7.369377765246339367e-05
-4.264999999999999902e-01 7.147694003003404284e-05
-4.249999999999999889e-01 6.943048658619159106e-05
-4.234999999999999876e-01 6.734071369005589487e-05
-4.219999999999999862e-01 6.539874359185033866e-05
-4.204999999999999849e-01 6.351607895744135386e-05
-4.189999999999999836e-01 6.149880655414102044e-05
-4.174999999999999822e-01 5.964737825463509272e-05
-4.159999999999999809e-01 5.781181741413514414e-05
-4.144999999999999796e-01 5.594606916895390601e-05
-4.129999999999999782e-01 5.448181655675372062e-05
-4.114999999999999769e-01 5.307101923745323122e-05
-4.100000000000000311e-01 5.156681320849099143e-05
-4.084999999999999742e-01 5.017801059535955034e-05
-4.070000000000000284e-01 4.876533522817240842e-05
-4.054999999999999716e-01 4.736846638570624344e-05
-4.040000000000000258e-01 4.587766664911832203e-05
-4.024999999999999689e-01 4.452095753477419552e-05
-4.010000000000000231e-01 4.342856861151946004e-05
-4.000000000000000222e-01 4.260116613406722460e-05
-3.986000000000000099e-01 4.151606286791470468e-05
-3.971999999999999975e-01 4.045746656766968766e-05
-3.958000000000000407e-01 3.942849701990300639e-05
-3.944000000000000283e-01 3.846871500610433693e-05
-3.930000000000000160e-01 3.747411934894460050e-05
-3.916000000000000036e-01 3.649649831591678041e-05
-3.902000000000000468e-01 3.554999383097116053e-05
-3.888000000000000345e-01 3.476433404691638401e-05
-3.874000000000000221e-01 3.385886581883513873e-05
-3.860000000000000098e-01 3.300729970734545286e-05
-3.845999999999999974e-01 3.219887141380649618e-05
-3.832000000000000406e-01 3.138863708308181025e-05
-3.818000000000000282e-01 3.060315968554589886e-05
-3.804000000000000159e-01 2.971848885013622253e-05
-3.790000000000000036e-01 2.895560603770206410e-05
-3.776000000000000467e-01 2.829144363584376327e-05
-3.762000000000000344e-01 2.751088350404951816e-05
-3.748000000000000220e-01 2.688332102694901190e-05
-3.734000000000000097e-01 2.614473457214464718e-05
-3.719999999999999973e-01 2.549105571217475904e-05
-3.706000000000000405e-01 2.489838336288648766e-05
-3.692000000000000282e-01 2.424722096865857611e-05
-3.678000000000000158e-01 2.366841760343228396e-05
-3.664000000000000035e-01 2.298814375321061641e-05
-3.650000000000000466e-01 2.241162855295636975e-05
-3.636000000000000343e-01 2.180867585968745181e-05
-3.622000000000000219e-01 2.125628400044931167e-05
-3.608000000000000096e-01 2.074976951011256950e-05
-3.594000000000000528e-01 2.020246180168704700e-05
-3.580000000000000404e-01 1.971379464178725654e-05
-3.566000000000000281e-01 1.921231872643322115e-05
-3.552000000000000157e-01 1.873311141729522874e-05
-3.538000000000000034e-01 1.826545441296133251e-05
-3.524000000000000465e-01 1.775916782908746062e-05
-3.510000000000000342e-01 1.736422886455413087e-05
-3.496000000000000218e-01 1.690836336275894369e-05
-3.482000000000000095e-01 1.651754526799324081e-05
-3.467999999999999972e-01 1.611839677985445633e-05
-3.454000000000000403e-01 1.576034727161532514e-05
-3.440000000000000280e-01 1.544246521175766850e-05
-3.426000000000000156e-01 1.503208691731163476e-05
-3.412000000000000033e-01 1.470777616258698764e-05
-3.398000000000000465e-01 1.432499080239300672e-05
-3.384000000000000341e-01 1.403214141013496025e-05
-3.370000000000000218e-01 1.368563358260517026e-05
-3.356000000000000094e-01 1.335326007954573681e-05
-3.342000000000000526e-01 1.304980777418291551e-05
-3.328000000000000402e-01 1.272883515036312538e-05
-3.314000000000000279e-01 1.241754442040181792e-05
-3.300000000000000155e-01 1.213554736618785008e-05
-3.286000000000000032e-01 1.182128749881878776e-05
-3.272000000000000464e-01 1.154504279691830931e-05
-3.258000000000000340e-01 1.123344784699214749e-05
-3.244000000000000217e-01 1.097025908858294296e-05
-3.230000000000000093e-01 1.073461082911704629e-05
-3.215999999999999970e-01 1.049835027410334731e-05
-3.202000000000000401e-01 1.028047866010340511e-05
-3.188000000000000278e-01 1.001353277787595206e-05
-3.174000000000000155e-01 9.782411568583388188e-06
-3.160000000000000031e-01 9.557877783047186496e-06
-3.145999999999999908e-01 9.346177189214137265e-06
-3.132000000000000339e-01 9.136846459342404169e-06
-3.118000000000000216e-01 8.933379014486463081e-06
-3.104000000000000092e-01 8.711276905086717015e-06
-3.090000000000000524e-01 8.509400498732443905e-06
-3.076000000000000401e-01 8.331776107010386575e-06
-3.062000000000000277e-01 8.142713498848214165e-06
-3.048000000000000154e-01 7.984987189002784835e-06
-3.034000000000000030e-01 7.821078014625640175e-06
-3.020000000000000462e-01 7.652257086280268760e-06
-3.006000000000000338e-01 7.504253217117881049e-06
-2.999999999999999889e-01 7.426672601409578131e-06
-2.986999999999999655e-01 7.228529332937569343e-06
-2.973999999999999977e-01 7.103337000104110297e-06
-2.960999999999999743e-01 6.976387944235587096e-06
-2.948000000000000065e-01 6.846966404325082290e-06
-2.934999999999999831e-01 6.706868771755677490e-06
-2.922000000000000153e-01 6.563679046891212441e-06
-2.908999999999999919e-01 6.432481694533115459e-06
-2.895999999999999686e-01 6.312725179030290424e-06
-2.883000000000000007e-01 6.196817228423925519e-06
-2.869999999999999774e-01 6.068559571912012867e-06
-2.857000000000000095e-01 5.945052952427808875e-06
-2.843999999999999861e-01 5.819849630666698355e-06
-2.831000000000000183e-01 5.719107980298556828e-06
-2.817999999999999949e-01 5.605972577015917584e-06
-2.804999999999999716e-01 5.504236539096081751e-06
-2.792000000000000037e-01 5.394899522153557300e-06
-2.778999999999999804e-01 5.296699324534805722e-06
-2.766000000000000125e-01 5.201579427665745351e-06
-2.752999999999999892e-01 5.096829374429487307e-06
-2.739999999999999658e-01 5.001831480299379525e-06
-2.726999999999999980e-01 4.919405529341698925e-06
-2.713999999999999746e-01 4.817961942534597732e-06
-2.701000000000000068e-01 4.735276982902994659e-06
-2.687999999999999834e-01 4.646479470751888029e-06
-2.674999999999999600e-01 4.560763770132874159e-06
-2.661999999999999922e-01 4.464916582294874645e-06
-2.648999999999999688e-01 4.382250745076502221e-06
-2.636000000000000010e-01 4.305034899984843447e-06
-2.622999999999999776e-01 4.227104707747261752e-06
-2.610000000000000098e-01 4.150056132320174203e-06
-2.596999999999999864e-01 4.071242276185335596e-06
-2.583999999999999631e-01 4.004408145311476405e-06
-2.570999999999999952e-01 3.936254755197785789e-06
-2.557999999999999718e-01 3.869173739168792359e-06
-2.545000000000000040e-01 3.799170105630525247e-06
-2.531999999999999806e-01 3.737059589277053490e-06
-2.519000000000000128e-01 3.671429695029031154e-06
-2.505999999999999894e-01 3.607818896190536608e-06
-2.492999999999999938e-01 3.547375006480136690e-06
-2.479999999999999982e-01 3.485604777759793631e-06
-2.466999999999999749e-01 3.421408366747323231e-06
-2.454000000000000070e-01 3.366463036339409952e-06
-2.440999999999999837e-01 3.303235683914341932e-06
-2.427999999999999881e-01 3.249140368569316520e-06
-2.414999999999999925e-01 3.193409363708708203e-06
-2.401999999999999968e-01 3.139451908460460878e-06
-2.389000000000000012e-01 3.081722314833105522e-06
-2.375999999999999779e-01 3.029422491930477671e-06
-2.363000000000000100e-01 2.984423838261913213e-06
-2.349999999999999867e-01 2.935401579728949564e-06
-2.336999999999999911e-01 2.894971204014391052e-06
-2.323999999999999955e-01 2.848862695289006202e-06
-2.310999999999999721e-01 2.803718213405902256e-06
-2.298000000000000043e-01 2.760689149032191503e-06
-2.284999999999999809e-01 2.724725122119453464e-06
-2.271999999999999853e-01 2.686952066062717111e-06
-2.258999999999999897e-01 2.648745842466149550e-06
-2.245999999999999941e-01 2.605351977562286137e-06
-2.232999999999999985e-01 2.563188457060377600e-06
-2.219999999999999751e-01 2.524651670541379376e-06
-2.207000000000000073e-01 2.487475152786140569e-06
-2.193999999999999839e-01 2.446700966257133920e-06
-2.180999999999999883e-01 2.413320202855950144e-06
-2.167999999999999927e-01 2.376617507921561171e-06
-2.154999999999999971e-01 2.339547143640258885e-06
-2.142000000000000015e-01 2.306312404544254610e-06
-2.128999999999999782e-01 2.272057513642623313e-06
-2.116000000000000103e-01 2.237109928809317696e-06
-2.102999999999999869e-01 2.204890762685264058e-06
-2.089999999999999913e-01 2.166134246035049196e-06
-2.076999999999999957e-01 2.138654209950301270e-06
-2.064000000000000001e-01 2.102714739622606484e-06
-2.051000000000000045e-01 2.069785570095647838e-06
-2.037999999999999812e-01 2.036330034137533363e-06
-2.025000000000000133e-01 2.007642589313364780e-06
-2.011999999999999900e-01 1.977942287692725064e-06
-1.998999999999999944e-01 1.946310611599935181e-06
-1.985999999999999988e-01 1.917513207601413731e-06
-1.972999999999999754e-01 1.890651194120017524e-06
-1.960000000000000075e-01 1.865974284373181648e-06
-1.946999999999999842e-01 1.835873150981643932e-06
-1.933999999999999886e-01 1.807755173319741804e-06
-1.920999999999999930e-01 1.780237407631106649e-06
-1.907999999999999974e-01 1.752589938166419619e-06
-1.895000000000000018e-01 1.726219775825652498e-06
-1.881999999999999784e-01 1.701493552525190330e-06
-1.869000000000000106e-01 1.682748198109763960e-06
-1.855999999999999872e-01 1.662914641097248547e-06
-1.842999999999999916e-01 1.643218613007247920e-06
-1.829999999999999960e-01 1.626246215408296378e-06
-1.817000000000000004e-01 1.605951397461337067e-06
-1.804000000000000048e-01 1.584895855306500734e-06
-1.790999999999999814e-01 1.562481713030695117e-06
-1.778000000000000136e-01 1.548014211552489342e-06
-1.764999999999999902e-01 1.526112221848264594e-06
-1.751999999999999946e-01 1.505701932595160775e-06
-1.738999999999999990e-01 1.480648040121894868e-06
-1.726000000000000034e-01 1.464578767915928572e-06
-1.713000000000000078e-01 1.447157764680585452e-06
-1.699999999999999845e-01 1.424612648013999569e-06
-1.686999999999999889e-01 1.407424120648920308e-06
-1.673999999999999932e-01 1.387193661146248935e-06
-1.660999999999999976e-01 1.372344619050949183e-06
-1.648000000000000020e-01 1.360712019526328729e-06
-1.635000000000000064e-01 1.347649311364976825e-06
-1.621999999999999831e-01 1.333723747894601147e-06
-1.608999999999999875e-01 1.322013738369293313e-06
-1.595999999999999919e-01 1.307837993113830285e-06
-1.582999999999999963e-01 1.293779862109985757e-06
-1.570000000000000007e-01 1.277732762913626579e-06
-1.557000000000000051e-01 1.268333435963952342e-06
-1.543999999999999817e-01 1.252501420744073275e-06
-1.530999999999999861e-01 1.238344182268570046e-06
-1.517999999999999905e-01 1.227285336962561514e-06
-1.504999999999999949e-01 1.214565516362499651e-06
-1.491999999999999993e-01 1.198225483095946627e-06
-1.479000000000000037e-01 1.188247157144279966e-06
-1.466000000000000081e-01 1.177000251030617358e-06
-1.452999999999999847e-01 1.164795054907855530e-06
-1.439999999999999891e-01 1.150600348749570833e-06
-1.426999999999999935e-01 1.139298763325632609e-06
-1.413999999999999979e-01 1.130705896093599503e-06
-1.401000000000000023e-01 1.118147467742896242e-06
-1.388000000000000067e-01 1.105981379428378424e-06
-1.374999999999999833e-01 1.094689600050994820e-06
-1.361999999999999877e-01 1.084123263407245527e-06
-1.348999999999999921e-01 1.069415969521768794e-06
-1.335999999999999965e-01 1.060844944187149444e-06
-1.323000000000000009e-01 1.048605161255201697e-06
-1.310000000000000053e-01 1.036803731328031562e-06
-1.297000000000000097e-01 1.026731312548857793e-06
-1.283999999999999864e-01 1.019940103121724633e-06
-1.270999999999999908e-01 1.009248563935368838e-06
-1.257999999999999952e-01 1.000383264717387828e-06
-1.244999999999999996e-01 9.896524382208899673e-07
-1.232000000000000040e-01 9.799191950111192074e-07
-1.219000000000000083e-01 9.703290815138402379e-07
-1.205999999999999850e-01 9.621532649000870192e-07
-1.192999999999999894e-01 9.513029293561476410e-07
-1.179999999999999938e-01 9.432398041877701560e-07
-1.166999999999999982e-01 9.355558428702853772e-07
-1.154000000000000026e-01 9.253926496773848251e-07
-1.141000000000000070e-01 9.184287144831134401e-07
-1.128000000000000114e-01 9.105786286611212768e-07
-1.114999999999999880e-01 9.009827561600480965e-07
-1.101999999999999924e-01 8.972244363630379848e-07
-1.088999999999999968e-01 8.895479564871395717e-07
-1.076000000000000012e-01 8.839144276684803576e-07
-1.063000000000000056e-01 8.776867633029645511e-07
-1.050000000000000100e-01 8.732442279395974327e-07
-1.036999999999999866e-01 8.673642242767138872e-07
-1.023999999999999910e-01 8.567220345780353781e-07
-1.010999999999999954e-01 8.476877678533631838e-07
-9.979999999999999982e-02 8.430050266276461585e-07
-9.850000000000000422e-02 8.378014841031540358e-07
-9.720000000000000862e-02 8.322607185733219529e-07
-9.589999999999998526e-02 8.252480854016106098e-07
-9.459999999999998965e-02 8.189248919937847779e-07
-9.329999999999999405e-02 8.093482668147310159e-07
-9.199999999999999845e-02 8.070736605860973824e-07
-9.070000000000000284e-02 8.037896077445398730e-07
-8.940000000000000724e-02 7.973683927341953368e-07
-8.810000000000001164e-02 7.935890483272144278e-07
-8.679999999999998828e-02 7.867927800471805747e-07
-8.549999999999999267e-02 7.827477653538086103e-07
-8.419999999999999707e-02 7.754397911371150963e-07
-8.290000000000000147e-02 7.694888868848156187e-07
-8.160000000000000586e-02 7.662992657951847438e-07
-8.030000000000001026e-02 7.623203070292239749e-07
-7.899999999999998690e-02 7.587010989784112483e-07
-7.769999999999999130e-02 7.534622245285820625e-07
-7.639999999999999569e-02 7.479437865682069412e-07
-7.510000000000000009e-02 7.430866757590137048e-07
-7.380000000000000449e-02 7.389223510108025356e-07
-7.250000000000000888e-02 7.363490872733659303e-07
-7.119999999999998552e-02 7.337032225572574704e-07
-6.989999999999998992e-02 7.310479027999709342e-07
-6.859999999999999432e-02 7.259935087500357877e-07
-6.729999999999999871e-02 7.233080260559965234e-07
-6.600000000000000311e-02 7.216919971879952474e-07
-6.470000000000000751e-02 7.172444090198525877e-07
-6.340000000000001190e-02 7.137048626716825156e-07
-6.209999999999998854e-02 7.083546480539051629e-07
-6.079999999999999294e-02 7.050960138836668811e-07
-5.949999999999999734e-02 7.031065713978066973e-07
-5.820000000000000173e-02 7.000256804883297953e-07
-5.690000000000000613e-02 6.963721438426073849e-07
-5.560000000000001052e-02 6.941738092798253029e-07
-5.429999999999998717e-02 6.929786182362117785e-07
-5.299999999999999156e-02 6.885961926076924745e-07
-5.169999999999999596e-02 6.833991241896460086e-07
-5.040000000000000036e-02 6.813547139567663766e-07
-4.909999999999997700e-02 6.786708591951134248e-07
-4.780000000000000915e-02 6.756383991022920360e-07
-4.649999999999998579e-02 6.709736725809320525e-07
-4.520000000000001794e-02 6.651640038855648704e-07
-4.389999999999999458e-02 6.634082163430980239e-07
-4.260000000000002673e-02 6.621449607762668565e-07
-4.130000000000000338e-02 6.603457881099792089e-07
-3.999999999999998002e-02 6.583379824195474257e-07
-3.870000000000001217e-02 6.552916616130563250e-07
-3.739999999999998881e-02 6.544834268906662167e-07
-3.610000000000002096e-02 6.535993473566081134e-07
-3.479999999999999760e-02 6.489929309211480431e-07
-3.349999999999997424e-02 6.480242684566026650e-07
-3.220000000000000639e-02 6.459642451677441171e-07
-3.089999999999998304e-02 6.454750536186074660e-07
-2.960000000000001519e-02 6.428749175008558569e-07
-2.829999999999999183e-02 6.392642612985472640e-07
-2.700000000000002398e-02 6.385935917359577641e-07
-2.570000000000000062e-02 6.369438072883699090e-07
-2.439999999999997726e-02 6.341602430202687475e-07
-2.310000000000000941e-02 6.333471215266727804e-07
-2.179999999999998606e-02 6.327089106271200288e-07
-2.050000000000001821e-02 6.306573854700656465e-07
-1.919999999999999485e-02 6.295535597405058111e-07
-1.790000000000002700e-02 6.283558657734238570e-07
-1.660000000000000364e-02 6.280640241748457183e-07
-1.529999999999998028e-02 6.271165468299580178e-07
-1.400000000000001243e-02 6.268011403818053756e-07
-1.269999999999998908e-02 6.250928294523454380e-07
-1.140000000000002123e-02 6.248203549163731484e-07
-1.009999999999999787e-02 6.247539768136519639e-07
-8.799999999999974509e-03 6.236033958429814621e-07
-7.500000000000006661e-03 6.230248441317346124e-07
-6.199999999999983302e-03 6.207145720385904694e-07
-4.900000000000015454e-03 6.196781581831328007e-07
-3.599999999999992095e-03 6.195027201439011324e-07
-2.300000000000024247e-03 6.180070941428012381e-07
-1.000000000000000888e-03 6.175327179791595064e-07
3.000000000000224709e-04 6.167763607231379401e-07
1.599999999999990319e-03 6.153669087659231809e-07
2.900000000000013678e-03 6.152990318028180817e-07
4.199999999999981526e-03 6.151845283860539478e-07
5.500000000000004885e-03 6.125445860115963216e-07
6.799999999999972733e-03 6.098207999023271824e-07
8.099999999999996092e-03 6.087706051908567347e-07
9.400000000000019451e-03 6.087362783491208104e-07
1.069999999999998730e-02 6.076975077093722840e-07
1.200000000000001066e-02 6.073282456101960360e-07
1.329999999999997851e-02 6.066421640782535619e-07
1.460000000000000187e-02 6.066421640782535619e-07
1.589999999999996971e-02 6.059666013290423074e-07
1.719999999999999307e-02 6.055859383743753218e-07
1.850000000000001643e-02 6.054933230775057262e-07
1.979999999999998428e-02 6.047848141531177082e-07
2.110000000000000764e-02 6.027448458573964039e-07
2.239999999999997549e-02 6.013758588009423498e-07
2.369999999999999885e-02 6.013758588009423498e-07
2.500000000000002220e-02 6.007865725122238263e-07
2.629999999999999005e-02 6.006673570318851649e-07
2.760000000000001341e-02 6.000582963044178185e-07
2.889999999999998126e-02 5.999858701685704239e-07
3.020000000000000462e-02 5.999858701685704239e-07
3.149999999999997247e-02 5.999186943530409123e-07
3.279999999999999583e-02 5.987376763401951796e-07
3.410000000000001918e-02 5.978659581739928441e-07
3.539999999999998703e-02 5.978659581739928441e-07
3.670000000000001039e-02 5.972450501917453048e-07
3.799999999999997824e-02 5.972450501917453048e-07
3.930000000000000160e-02 5.972450501917453048e-07
4.059999999999996945e-02 5.972450501917453048e-07
4.189999999999999281e-02 5.972450501917453048e-07
4.320000000000001616e-02 5.972450501917453048e-07
4.449999999999998401e-02 5.971034435726086344e-07
4.580000000000000737e-02 5.971034435726086344e-07
4.709999999999997522e-02 5.969152077450151923e-07
4.839999999999999858e-02 5.969152077450151923e-07
4.970000000000002194e-02 5.969152077450151923e-07
5.099999999999998979e-02 5.969152077450151923e-07
5.230000000000001315e-02 5.969152077450151923e-07
5.359999999999998099e-02 5.969152077450151923e-07
5.490000000000000435e-02 5.969152077450151923e-07
5.619999999999997220e-02 5.969152077450151923e-07
5.749999999999999556e-02 5.969152077450151923e-07
5.880000000000001892e-02 5.969152077450151923e-07
6.009999999999998677e-02 5.969152077450151923e-07
6.140000000000001013e-02 5.969152077450151923e-07
6.269999999999997797e-02 5.969152077450151923e-07
6.400000000000000133e-02 5.968037736737611070e-07
6.529999999999996918e-02 5.968037736737611070e-07
6.659999999999999254e-02 5.968037736737611070e-07
6.790000000000001590e-02 5.968037736737611070e-07
6.919999999999998375e-02 5.968037736737611070e-07
7.050000000000000711e-02 5.968037736737611070e-07
7.179999999999997495e-02 5.968037736737611070e-07
7.309999999999999831e-02 5.968037736737611070e-07
7.439999999999996616e-02 5.968037736737611070e-07
7.569999999999998952e-02 5.968037736737611070e-07
7.700000000000001288e-02 5.968037736737611070e-07
7.829999999999998073e-02 5.968037736737611070e-07
7.960000000000000409e-02 5.968037736737611070e-07
8.089999999999997193e-02 5.968037736737611070e-07
8.219999999999999529e-02 5.968037736737611070e-07
8.350000000000001865e-02 5.968037736737611070e-07
8.479999999999998650e-02 5.968037736737611070e-07
8.610000000000000986e-02 5.968037736737611070e-07
8.739999999999997771e-02 5.968037736737611070e-07
8.870000000000000107e-02 5.968037736737611070e-07
8.999999999999996891e-02 5.968037736737611070e-07
9.129999999999999227e-02 5.968037736737611070e-07
9.260000000000001563e-02 5.968037736737611070e-07
9.389999999999998348e-02 5.968037736737611070e-07
9.520000000000000684e-02 5.968037736737611070e-07
9.649999999999997469e-02 5.968037736737611070e-07
9.779999999999999805e-02 5.968037736737611070e-07
9.909999999999996589e-02 5.968037736737611070e-07
1.003999999999999893e-01 5.968037736737611070e-07
1.017000000000000126e-01 5.968037736737611070e-07
1.029999999999999805e-01 5.968037736737611070e-07
1.043000000000000038e-01 5.968037736737611070e-07
1.055999999999999717e-01 5.968037736737611070e-07
1.068999999999999950e-01 5.968037736737611070e-07
1.082000000000000184e-01 5.968037736737611070e-07
1.094999999999999862e-01 5.968037736737611070e-07
1.108000000000000096e-01 5.968037736737611070e-07
1.120999999999999774e-01 5.968037736737611070e-07
1.134000000000000008e-01 5.968037736737611070e-07
1.146999999999999686e-01 5.968037736737611070e-07
1.159999999999999920e-01 5.968037736737611070e-07
1.173000000000000154e-01 5.968037736737611070e-07
1.185999999999999832e-01 5.968037736737611070e-07
1.199000000000000066e-01 5.968037736737611070e-07
1.211999999999999744e-01 5.968037736737611070e-07
1.224999999999999978e-01 5.968037736737611070e-07
1.237999999999999656e-01 5.968037736737611070e-07
1.250999999999999890e-01 5.968037736737611070e-07
1.264000000000000123e-01 5.968037736737611070e-07
1.276999999999999802e-01 5.968037736737611070e-07
1.290000000000000036e-01 5.968037736737611070e-07
1.302999999999999714e-01 5.968037736737611070e-07
1.315999999999999948e-01 5.968037736737611070e-07
1.329000000000000181e-01 5.968037736737611070e-07
1.341999999999999860e-01 5.968037736737611070e-07
1.355000000000000093e-01 5.968037736737611070e-07
1.367999999999999772e-01 5.968037736737611070e-07
1.381000000000000005e-01 5.968037736737611070e-07
1.393999999999999684e-01 5.968037736737611070e-07
1.406999999999999917e-01 5.968037736737611070e-07
1.420000000000000151e-01 5.968037736737611070e-07
1.432999999999999829e-01 5.968037736737611070e-07
1.446000000000000063e-01 5.968037736737611070e-07
1.458999999999999742e-01 5.968037736737611070e-07
1.471999999999999975e-01 5.968037736737611070e-07
1.484999999999999654e-01 5.968037736737611070e-07
1.497999999999999887e-01 5.968037736737611070e-07
1.511000000000000121e-01 5.968037736737611070e-07
1.523999999999999799e-01 5.968037736737611070e-07
1.537000000000000033e-01 5.968037736737611070e-07
1.549999999999999711e-01 5.968037736737611070e-07
1.562999999999999945e-01 5.968037736737611070e-07
1.576000000000000179e-01 5.968037736737611070e-07
1.588999999999999857e-01 5.968037736737611070e-07
1.602000000000000091e-01 5.968037736737611070e-07
1.614999999999999769e-01 5.968037736737611070e-07
1.628000000000000003e-01 5.968037736737611070e-07
1.640999999999999681e-01 5.968037736737611070e-07
1.653999999999999915e-01 5.968037736737611070e-07
1.667000000000000148e-01 5.968037736737611070e-07
1.679999999999999827e-01 5.968037736737611070e-07
1.693000000000000060e-01 5.968037736737611070e-07
1.705999999999999739e-01 5.968037736737611070e-07
1.718999999999999972e-01 5.968037736737611070e-07
1.731999999999999651e-01 5.968037736737611070e-07
1.744999999999999885e-01 5.968037736737611070e-07
1.758000000000000118e-01 5.968037736737611070e-07
1.770999999999999797e-01 5.968037736737611070e-07
1.784000000000000030e-01 5.968037736737611070e-07
1.796999999999999709e-01 5.968037736737611070e-07
1.809999999999999942e-01 5.968037736737611070e-07
1.822999999999999621e-01 5.968037736737611070e-07
1.835999999999999854e-01 5.968037736737611070e-07
1.849000000000000088e-01 5.968037736737611070e-07
1.861999999999999766e-01 5.968037736737611070e-07
1.875000000000000000e-01 5.968037736737611070e-07
1.887999999999999678e-01 5.968037736737611070e-07
1.900999999999999912e-01 5.968037736737611070e-07
1.914000000000000146e-01 5.968037736737611070e-07
1.926999999999999824e-01 5.968037736737611070e-07
1.940000000000000058e-01 5.968037736737611070e-07
1.952999999999999736e-01 5.968037736737611070e-07
1.965999999999999970e-01 5.968037736737611070e-07
1.978999999999999648e-01 5.968037736737611070e-07
1.991999999999999882e-01 5.968037736737611070e-07
2.004999999999999560e-01 5.968037736737611070e-07
2.018000000000000349e-01 5.968037736737611070e-07
2.031000000000000028e-01 5.968037736737611070e-07
2.043999999999999706e-01 5.968037736737611070e-07
2.056999999999999384e-01 5.968037736737611070e-07
2.070000000000000173e-01 5.968037736737611070e-07
2.082999999999999852e-01 5.968037736737611070e-07
2.095999999999999530e-01 5.968037736737611070e-07
2.109000000000000319e-01 5.968037736737611070e-07
2.121999999999999997e-01 5.968037736737611070e-07
2.134999999999999676e-01 5.968037736737611070e-07
2.147999999999999354e-01 5.968037736737611070e-07
2.161000000000000143e-01 5.968037736737611070e-07
2.173999999999999821e-01 5.968037736737611070e-07
2.186999999999999500e-01 5.968037736737611070e-07
2.200000000000000289e-01 5.968037736737611070e-07
2.212999999999999967e-01 5.968037736737611070e-07
2.225999999999999646e-01 5.968037736737611070e-07
2.238999999999999324e-01 5.968037736737611070e-07
2.252000000000000113e-01 5.968037736737611070e-07
2.264999999999999791e-01 5.968037736737611070e-07
2.277999999999999470e-01 5.968037736737611070e-07
2.291000000000000258e-01 5.968037736737611070e-07
2.303999999999999937e-01 5.968037736737611070e-07
2.316999999999999615e-01 5.968037736737611070e-07
2.330000000000000404e-01 5.968037736737611070e-07
2.343000000000000083e-01 5.968037736737611070e-07
2.355999999999999761e-01 5.968037736737611070e-07
2.368999999999999440e-01 5.968037736737611070e-07
2.382000000000000228e-01 5.968037736737611070e-07
2.394999999999999907e-01 5.968037736737611070e-07
2.407999999999999585e-01 5.968037736737611070e-07
2.421000000000000374e-01 5.968037736737611070e-07
2.434000000000000052e-01 5.968037736737611070e-07
2.446999999999999731e-01 5.968037736737611070e-07
2.459999999999999409e-01 5.968037736737611070e-07
2.473000000000000198e-01 5.968037736737611070e-07
2.485999999999999877e-01 5.968037736737611070e-07
2.498999999999999555e-01 5.968037736737611070e-07
2.512000000000000344e-01 5.968037736737611070e-07
2.525000000000000022e-01 5.968037736737611070e-07
2.537999999999999701e-01 5.968037736737611070e-07
2.550999999999999379e-01 5.968037736737611070e-07
2.564000000000000168e-01 5.968037736737611070e-07
2.576999999999999846e-01 5.968037736737611070e-07
2.589999999999999525e-01 5.968037736737611070e-07
2.603000000000000314e-01 5.968037736737611070e-07
2.615999999999999992e-01 5.968037736737611070e-07
2.628999999999999670e-01 5.968037736737611070e-07
2.641999999999999349e-01 5.968037736737611070e-07
2.655000000000000138e-01 5.968037736737611070e-07
2.667999999999999816e-01 5.968037736737611070e-07
2.680999999999999495e-01 5.968037736737611070e-07
2.694000000000000283e-01 5.968037736737611070e-07
2.706999999999999962e-01 5.968037736737611070e-07
2.719999999999999640e-01 5.968037736737611070e-07
2.732999999999999319e-01 5.968037736737611070e-07
2.746000000000000107e-01 5.968037736737611070e-07
2.758999999999999786e-01 5.968037736737611070e-07
2.771999999999999464e-01 5.968037736737611070e-07
2.785000000000000253e-01 5.968037736737611070e-07
2.797999999999999932e-01 5.968037736737611070e-07
2.810999999999999610e-01 5.968037736737611070e-07
2.824000000000000399e-01 5.968037736737611070e-07
2.837000000000000077e-01 5.968037736737611070e-07
2.849999999999999756e-01 5.968037736737611070e-07
2.862999999999999434e-01 5.968037736737611070e-07
2.876000000000000223e-01 5.968037736737611070e-07
2.888999999999999901e-01 5.968037736737611070e-07
2.901999999999999580e-01 5.968037736737611070e-07
2.915000000000000369e-01 5.968037736737611070e-07
2.928000000000000047e-01 5.968037736737611070e-07
2.940999999999999726e-01 5.968037736737611070e-07
2.953999999999999404e-01 5.968037736737611070e-07
2.967000000000000193e-01 5.968037736737611070e-07
2.979999999999999871e-01 5.968037736737611070e-07
2.992999999999999550e-01 5.968037736737611070e-07
3.006000000000000338e-01 5.968037736737611070e-07
3.019000000000000017e-01 5.968037736737611070e-07
3.031999999999999695e-01 5.968037736737611070e-07
3.044999999999999374e-01 5.968037736737611070e-07
3.058000000000000163e-01 5.968037736737611070e-07
3.070999999999999841e-01 5.968037736737611070e-07
3.083999999999999519e-01 5.968037736737611070e-07
3.097000000000000308e-01 5.968037736737611070e-07
3.109999999999999987e-01 5.968037736737611070e-07
3.122999999999999665e-01 5.968037736737611070e-07
3.135999999999999344e-01 5.968037736737611070e-07
3.149000000000000132e-01 5.968037736737611070e-07
3.161999999999999811e-01 5.968037736737611070e-07
3.174999999999999489e-01 5.968037736737611070e-07
3.188000000000000278e-01 5.968037736737611070e-07
3.200999999999999956e-01 5.968037736737611070e-07
3.213999999999999635e-01 5.968037736737611070e-07
3.226999999999999313e-01 5.968037736737611070e-07
3.240000000000000102e-01 5.968037736737611070e-07
3.252999999999999781e-01 5.968037736737611070e-07
3.265999999999999459e-01 5.968037736737611070e-07
3.279000000000000248e-01 5.968037736737611070e-07
3.291999999999999926e-01 5.968037736737611070e-07
3.304999999999999605e-01 5.968037736737611070e-07
3.317999999999999283e-01 5.968037736737611070e-07
3.331000000000000072e-01 5.968037736737611070e-07
3.343999999999999750e-01 5.968037736737611070e-07
3.356999999999999429e-01 5.968037736737611070e-07
3.370000000000000218e-01 5.968037736737611070e-07
3.382999999999999896e-01 5.968037736737611070e-07
3.395999999999999575e-01 5.968037736737611070e-07
3.409000000000000363e-01 5.968037736737611070e-07
3.422000000000000042e-01 5.968037736737611070e-07
3.434999999999999720e-01 5.968037736737611070e-07
3.447999999999999399e-01 5.968037736737611070e-07
3.461000000000000187e-01 5.968037736737611070e-07
3.473999999999999866e-01 5.968037736737611070e-07
3.486999999999999544e-01 5.968037736737611070e-07
3.500000000000000333e-01 5.968037736737611070e-07
3.513000000000000012e-01 5.968037736737611070e-07
3.525999999999999690e-01 5.968037736737611070e-07
3.538999999999999369e-01 5.968037736737611070e-07
3.552000000000000157e-01 5.968037736737611070e-07
3.564999999999999836e-01 5.968037736737611070e-07
3.577999999999999514e-01 5.968037736737611070e-07
3.591000000000000303e-01 5.968037736737611070e-07
3.603999999999999981e-01 5.968037736737611070e-07
3.616999999999999660e-01 5.968037736737611070e-07
3.629999999999999338e-01 5.968037736737611070e-07
3.643000000000000127e-01 5.968037736737611070e-07
3.655999999999999805e-01 5.968037736737611070e-07
3.668999999999999484e-01 5.968037736737611070e-07
3.682000000000000273e-01 5.968037736737611070e-07
3.694999999999999951e-01 5.968037736737611070e-07
3.707999999999999630e-01 5.968037736737611070e-07
3.720999999999999308e-01 5.968037736737611070e-07
3.734000000000000097e-01 5.968037736737611070e-07
3.746999999999999775e-01 5.968037736737611070e-07
3.759999999999999454e-01 5.968037736737611070e-07
3.773000000000000242e-01 5.968037736737611070e-07
3.785999999999999921e-01 5.968037736737611070e-07
3.798999999999999599e-01 5.968037736737611070e-07
3.811999999999999278e-01 5.968037736737611070e-07
3.825000000000000067e-01 5.968037736737611070e-07
3.837999999999999745e-01 5.968037736737611070e-07
3.850999999999999424e-01 5.968037736737611070e-07
3.864000000000000212e-01 5.968037736737611070e-07
3.876999999999999891e-01 5.968037736737611070e-07
3.889999999999999569e-01 5.968037736737611070e-07
3.902999999999999248e-01 5.968037736737611070e-07
3.916000000000000036e-01 5.968037736737611070e-07
3.928999999999999715e-01 5.968037736737611070e-07
3.941999999999999393e-01 5.968037736737611070e-07
3.955000000000000182e-01 5.968037736737611070e-07
3.967999999999999861e-01 5.968037736737611070e-07
3.980999999999999539e-01 5.968037736737611070e-07
3.994000000000000328e-01 5.968037736737611070e-07
4.007000000000000006e-01 5.968037736737611070e-07
4.019999999999999685e-01 5.968037736737611070e-07
4.032999999999999363e-01 5.968037736737611070e-07
4.046000000000000152e-01 5.968037736737611070e-07
4.058999999999999830e-01 5.968037736737611070e-07
4.071999999999999509e-01 5.968037736737611070e-07
4.085000000000000298e-01 5.968037736737611070e-07
4.097999999999999976e-01 5.968037736737611070e-07
4.110999999999999654e-01 5.968037736737611070e-07
4.123999999999999333e-01 5.968037736737611070e-07
4.137000000000000122e-01 5.968037736737611070e-07
4.149999999999999800e-01 5.968037736737611070e-07
4.162999999999999479e-01 5.968037736737611070e-07
4.176000000000000267e-01 5.968037736737611070e-07
4.188999999999999946e-01 5.968037736737611070e-07
4.201999999999999624e-01 5.968037736737611070e-07
4.214999999999999303e-01 5.968037736737611070e-07
4.228000000000000091e-01 5.968037736737611070e-07
4.240999999999999770e-01 5.968037736737611070e-07
4.253999999999999448e-01 5.968037736737611070e-07
4.267000000000000237e-01 5.968037736737611070e-07
4.279999999999999916e-01 5.968037736737611070e-07
4.292999999999999594e-01 5.968037736737611070e-07
4.305999999999999273e-01 5.968037736737611070e-07
4.319000000000000061e-01 5.968037736737611070e-07
4.331999999999999740e-01 5.968037736737611070e-07
4.344999999999999418e-01 5.968037736737611070e-07
4.358000000000000207e-01 5.968037736737611070e-07
4.370999999999999885e-01 5.968037736737611070e-07
4.383999999999999564e-01 5.968037736737611070e-07
4.396999999999999242e-01 5.968037736737611070e-07
4.410000000000000031e-01 5.968037736737611070e-07
4.422999999999999710e-01 5.968037736737611070e-07
4.435999999999999388e-01 5.968037736737611070e-07
4.449000000000000177e-01 5.968037736737611070e-07
4.461999999999999855e-01 5.968037736737611070e-07
4.474999999999999534e-01 5.968037736737611070e-07
4.487999999999999212e-01 5.968037736737611070e-07
4.501000000000000001e-01 5.968037736737611070e-07
4.513999999999999679e-01 5.968037736737611070e-07
4.526999999999999358e-01 5.968037736737611070e-07
4.540000000000000147e-01 5.968037736737611070e-07
4.552999999999999825e-01 5.968037736737611070e-07
4.565999999999999504e-01 5.968037736737611070e-07
4.579000000000000292e-01 5.968037736737611070e-07
4.591999999999999971e-01 5.968037736737611070e-07
4.604999999999999649e-01 5.968037736737611070e-07
4.617999999999999328e-01 5.968037736737611070e-07
4.631000000000000116e-01 5.968037736737611070e-07
4.643999999999999795e-01 5.968037736737611070e-07
4.656999999999999473e-01 5.968037736737611070e-07
4.670000000000000262e-01 5.968037736737611070e-07
4.682999999999999940e-01 5.968037736737611070e-07
4.695999999999999619e-01 5.968037736737611070e-07
4.708999999999999297e-01 5.968037736737611070e-07
4.722000000000000086e-01 5.968037736737611070e-07
4.734999999999999765e-01 5.968037736737611070e-07
4.747999999999999443e-01 5.968037736737611070e-07
4.761000000000000232e-01 5.968037736737611070e-07
4.773999999999999910e-01 5.968037736737611070e-07
4.786999999999999589e-01 5.968037736737611070e-07
4.799999999999999267e-01 5.968037736737611070e-07
4.813000000000000056e-01 5.968037736737611070e-07
4.825999999999999734e-01 5.968037736737611070e-07
4.838999999999999413e-01 5.968037736737611070e-07
4.852000000000000202e-01 5.968037736737611070e-07
4.864999999999999880e-01 5.968037736737611070e-07
4.877999999999999559e-01 5.968037736737611070e-07
4.890999999999999237e-01 5.968037736737611070e-07
4.904000000000000026e-01 5.968037736737611070e-07
4.916999999999999704e-01 5.968037736737611070e-07
4.929999999999999383e-01 5.968037736737611070e-07
4.943000000000000171e-01 5.968037736737611070e-07
4.955999999999999850e-01 5.968037736737611070e-07
4.968999999999999528e-01 5.968037736737611070e-07
4.981999999999999207e-01 5.968037736737611070e-07
4.994999999999999996e-01 5.968037736737611070e-07
5.007999999999999119e-01 5.968037736737611070e-07
5.020999999999999908e-01 5.968037736737611070e-07
5.034000000000000696e-01 5.968037736737611070e-07
5.046999999999999265e-01 5.968037736737611070e-07
5.060000000000000053e-01 5.968037736737611070e-07
5.073000000000000842e-01 5.968037736737611070e-07
5.085999999999999410e-01 5.968037736737611070e-07
5.099000000000000199e-01 5.968037736737611070e-07
5.111999999999998767e-01 5.968037736737611070e-07
5.124999999999999556e-01 5.968037736737611070e-07
5.138000000000000345e-01 5.968037736737611070e-07
5.150999999999998913e-01 5.968037736737611070e-07
5.163999999999999702e-01 5.968037736737611070e-07
5.177000000000000490e-01 5.968037736737611070e-07
5.189999999999999059e-01 5.968037736737611070e-07
5.202999999999999847e-01 5.968037736737611070e-07
5.216000000000000636e-01 5.968037736737611070e-07
5.228999999999999204e-01 5.968037736737611070e-07
5.241999999999999993e-01 5.968037736737611070e-07
5.255000000000000782e-01 5.968037736737611070e-07
5.267999999999999350e-01 5.968037736737611070e-07
5.281000000000000139e-01 5.968037736737611070e-07
5.293999999999998707e-01 5.968037736737611070e-07
5.306999999999999496e-01 5.968037736737611070e-07
5.320000000000000284e-01 5.968037736737611070e-07
5.332999999999998852e-01 5.968037736737611070e-07
5.345999999999999641e-01 5.968037736737611070e-07
5.359000000000000430e-01 5.968037736737611070e-07
5.371999999999998998e-01 5.968037736737611070e-07
5.384999999999999787e-01 5.968037736737611070e-07
5.398000000000000576e-01 5.968037736737611070e-07
5.410999999999999144e-01 5.968037736737611070e-07
5.423999999999999932e-01 5.968037736737611070e-07
5.437000000000000721e-01 5.968037736737611070e-07
5.449999999999999289e-01 5.968037736737611070e-07
5.463000000000000078e-01 5.968037736737611070e-07
5.475999999999998646e-01 5.968037736737611070e-07
5.488999999999999435e-01 5.968037736737611070e-07
5.502000000000000224e-01 5.968037736737611070e-07
5.514999999999998792e-01 5.968037736737611070e-07
5.527999999999999581e-01 5.968037736737611070e-07
5.541000000000000369e-01 5.968037736737611070e-07
5.553999999999998938e-01 5.968037736737611070e-07
5.566999999999999726e-01 5.968037736737611070e-07
5.580000000000000515e-01 5.968037736737611070e-07
5.592999999999999083e-01 5.968037736737611070e-07
5.605999999999999872e-01 5.968037736737611070e-07
5.619000000000000661e-01 5.968037736737611070e-07
5.631999999999999229e-01 5.968037736737611070e-07
5.645000000000000018e-01 5.968037736737611070e-07
5.658000000000000806e-01 5.968037736737611070e-07
5.670999999999999375e-01 5.968037736737611070e-07
5.684000000000000163e-01 5.968037736737611070e-07
5.696999999999998732e-01 5.968037736737611070e-07
5.709999999999999520e-01 5.968037736737611070e-07
5.723000000000000309e-01 5.968037736737611070e-07
5.735999999999998877e-01 5.968037736737611070e-07
5.748999999999999666e-01 5.968037736737611070e-07
5.762000000000000455e-01 5.968037736737611070e-07
5.774999999999999023e-01 5.968037736737611070e-07
5.787999999999999812e-01 5.968037736737611070e-07
5.801000000000000600e-01 5.968037736737611070e-07
5.813999999999999169e-01 5.968037736737611070e-07
5.826999999999999957e-01 5.968037736737611070e-07
5.840000000000000746e-01 5.968037736737611070e-07
5.852999999999999314e-01 5.968037736737611070e-07
5.866000000000000103e-01 5.968037736737611070e-07
5.878999999999998671e-01 5.968037736737611070e-07
5.891999999999999460e-01 5.968037736737611070e-07
5.905000000000000249e-01 5.968037736737611070e-07
5.917999999999998817e-01 5.968037736737611070e-07
5.930999999999999606e-01 5.968037736737611070e-07
5.944000000000000394e-01 5.968037736737611070e-07
5.956999999999998963e-01 5.968037736737611070e-07
5.969999999999999751e-01 5.968037736737611070e-07
5.983000000000000540e-01 5.968037736737611070e-07
5.995999999999999108e-01 5.968037736737611070e-07
6.008999999999999897e-01 5.968037736737611070e-07
6.022000000000000686e-01 5.968037736737611070e-07
6.034999999999999254e-01 5.968037736737611070e-07
6.048000000000000043e-01 5.968037736737611070e-07
6.060999999999998611e-01 5.968037736737611070e-07
6.073999999999999400e-01 5.968037736737611070e-07
6.087000000000000188e-01 5.968037736737611070e-07
6.099999999999998757e-01 5.968037736737611070e-07
6.112999999999999545e-01 5.968037736737611070e-07
6.126000000000000334e-01 5.968037736737611070e-07
6.138999999999998902e-01 5.968037736737611070e-07
6.151999999999999691e-01 5.968037736737611070e-07
6.165000000000000480e-01 5.968037736737611070e-07
6.177999999999999048e-01 5.968037736737611070e-07
6.190999999999999837e-01 5.968037736737611070e-07
6.204000000000000625e-01 5.968037736737611070e-07
6.216999999999999194e-01 5.968037736737611070e-07
6.229999999999999982e-01 5.968037736737611070e-07
6.243000000000000771e-01 5.968037736737611070e-07
6.255999999999999339e-01 5.968037736737611070e-07
6.269000000000000128e-01 5.968037736737611070e-07
6.281999999999998696e-01 5.968037736737611070e-07
6.294999999999999485e-01 5.968037736737611070e-07
6.308000000000000274e-01 5.968037736737611070e-07
6.320999999999998842e-01 5.968037736737611070e-07
6.333999999999999631e-01 5.968037736737611070e-07
6.347000000000000419e-01 5.968037736737611070e-07
6.359999999999998987e-01 5.968037736737611070e-07
6.372999999999999776e-01 5.968037736737611070e-07
6.386000000000000565e-01 5.968037736737611070e-07
6.398999999999999133e-01 5.968037736737611070e-07
6.411999999999999922e-01 5.968037736737611070e-07
6.425000000000000711e-01 5.968037736737611070e-07
6.437999999999999279e-01 5.968037736737611070e-07
6.451000000000000068e-01 5.968037736737611070e-07
6.463999999999998636e-01 5.968037736737611070e-07
6.476999999999999424e-01 5.968037736737611070e-07
6.490000000000000213e-01 5.968037736737611070e-07
6.502999999999998781e-01 5.968037736737611070e-07
6.515999999999999570e-01 5.968037736737611070e-07
6.529000000000000359e-01 5.968037736737611070e-07
6.541999999999998927e-01 5.968037736737611070e-07
6.554999999999999716e-01 5.968037736737611070e-07
6.568000000000000504e-01 5.968037736737611070e-07
6.580999999999999073e-01 5.968037736737611070e-07
6.593999999999999861e-01 5.968037736737611070e-07
6.607000000000000650e-01 5.968037736737611070e-07
6.619999999999999218e-01 5.968037736737611070e-07
6.633000000000000007e-01 5.968037736737611070e-07
6.645999999999998575e-01 5.968037736737611070e-07
6.658999999999999364e-01 5.968037736737611070e-07
6.672000000000000153e-01 5.968037736737611070e-07
6.684999999999998721e-01 5.968037736737611070e-07
6.697999999999999510e-01 5.968037736737611070e-07
6.711000000000000298e-01 5.968037736737611070e-07
6.723999999999998867e-01 5.968037736737611070e-07
6.736999999999999655e-01 5.968037736737611070e-07
6.750000000000000444e-01 5.968037736737611070e-07
6.762999999999999012e-01 5.968037736737611070e-07
6.775999999999999801e-01 5.968037736737611070e-07
6.789000000000000590e-01 5.968037736737611070e-07
6.801999999999999158e-01 5.968037736737611070e-07
6.814999999999999947e-01 5.968037736737611070e-07
6.828000000000000735e-01 5.968037736737611070e-07
6.840999999999999304e-01 5.968037736737611070e-07
6.854000000000000092e-01 5.968037736737611070e-07
6.866999999999998661e-01 5.968037736737611070e-07
6.879999999999999449e-01 5.968037736737611070e-07
6.893000000000000238e-01 5.968037736737611070e-07
6.905999999999998806e-01 5.968037736737611070e-07
6.918999999999999595e-01 5.968037736737611070e-07
6.932000000000000384e-01 5.968037736737611070e-07
6.944999999999998952e-01 5.968037736737611070e-07
6.957999999999999741e-01 5.968037736737611070e-07
6.971000000000000529e-01 5.968037736737611070e-07
6.983999999999999098e-01 5.968037736737611070e-07
6.996999999999999886e-01 5.968037736737611070e-07
7.009999999999998455e-01 5.968037736737611070e-07
7.022999999999999243e-01 5.968037736737611070e-07
7.036000000000000032e-01 5.968037736737611070e-07
7.048999999999998600e-01 5.968037736737611070e-07
7.061999999999999389e-01 5.968037736737611070e-07
7.075000000000000178e-01 5.968037736737611070e-07
7.087999999999998746e-01 5.968037736737611070e-07
7.100999999999999535e-01 5.968037736737611070e-07
7.113999999999998103e-01 5.968037736737611070e-07
7.126999999999998892e-01 5.968037736737611070e-07
7.139999999999999680e-01 5.968037736737611070e-07
7.152999999999998249e-01 5.968037736737611070e-07
7.165999999999999037e-01 5.968037736737611070e-07
7.178999999999999826e-01 5.968037736737611070e-07
7.191999999999998394e-01 5.968037736737611070e-07
7.204999999999999183e-01 5.968037736737611070e-07
7.217999999999999972e-01 5.968037736737611070e-07
7.230999999999998540e-01 5.968037736737611070e-07
7.243999999999999329e-01 5.968037736737611070e-07
7.257000000000000117e-01 5.968037736737611070e-07
7.269999999999998685e-01 5.968037736737611070e-07
7.282999999999999474e-01 5.968037736737611070e-07
7.295999999999998042e-01 5.968037736737611070e-07
7.308999999999998831e-01 5.968037736737611070e-07
7.321999999999999620e-01 5.968037736737611070e-07
7.334999999999998188e-01 5.968037736737611070e-07
7.347999999999998977e-01 5.968037736737611070e-07
7.360999999999999766e-01 5.968037736737611070e-07
7.373999999999998334e-01 5.968037736737611070e-07
7.386999999999999122e-01 5.968037736737611070e-07
7.399999999999999911e-01 5.968037736737611070e-07
7.412999999999998479e-01 5.968037736737611070e-07
7.425999999999999268e-01 5.968037736737611070e-07
7.439000000000000057e-01 5.968037736737611070e-07
7.451999999999998625e-01 5.968037736737611070e-07
7.464999999999999414e-01 5.968037736737611070e-07
7.477999999999997982e-01 5.968037736737611070e-07
7.490999999999998771e-01 5.968037736737611070e-07
7.503999999999999559e-01 5.968037736737611070e-07
7.516999999999998128e-01 5.968037736737611070e-07
7.529999999999998916e-01 5.968037736737611070e-07
7.542999999999999705e-01 5.968037736737611070e-07
7.555999999999998273e-01 5.968037736737611070e-07
7.568999999999999062e-01 5.968037736737611070e-07
7.581999999999999851e-01 5.968037736737611070e-07
7.594999999999998419e-01 5.968037736737611070e-07
7.607999999999999208e-01 5.968037736737611070e-07
7.620999999999999996e-01 5.968037736737611070e-07
7.633999999999998565e-01 5.968037736737611070e-07
7.646999999999999353e-01 5.968037736737611070e-07
7.660000000000000142e-01 5.968037736737611070e-07
7.672999999999998710e-01 5.968037736737611070e-07
7.685999999999999499e-01 5.968037736737611070e-07
7.698999999999998067e-01 5.968037736737611070e-07
7.711999999999998856e-01 5.968037736737611070e-07
7.724999999999999645e-01 5.968037736737611070e-07
7.737999999999998213e-01 5.968037736737611070e-07
7.750999999999999002e-01 5.968037736737611070e-07
7.763999999999999790e-01 5.968037736737611070e-07
7.776999999999998359e-01 5.968037736737611070e-07
7.789999999999999147e-01 5.968037736737611070e-07
7.802999999999999936e-01 5.968037736737611070e-07
7.815999999999998504e-01 5.968037736737611070e-07
7.828999999999999293e-01 5.968037736737611070e-07
7.842000000000000082e-01 5.968037736737611070e-07
7.854999999999998650e-01 5.968037736737611070e-07
7.867999999999999439e-01 5.968037736737611070e-07
7.880999999999998007e-01 5.968037736737611070e-07
7.893999999999998796e-01 5.968037736737611070e-07
7.906999999999999584e-01 5.968037736737611070e-07
7.919999999999998153e-01 5.968037736737611070e-07
7.932999999999998941e-01 5.968037736737611070e-07
7.945999999999999730e-01 5.968037736737611070e-07
7.958999999999998298e-01 5.968037736737611070e-07
7.971999999999999087e-01 5.968037736737611070e-07
7.984999999999999876e-01 5.968037736737611070e-07
7.997999999999998444e-01 5.968037736737611070e-07
8.010999999999999233e-01 5.968037736737611070e-07
8.024000000000000021e-01 5.968037736737611070e-07
8.036999999999998590e-01 5.968037736737611070e-07
8.049999999999999378e-01 5.968037736737611070e-07
8.062999999999997947e-01 5.968037736737611070e-07
8.075999999999998735e-01 5.968037736737611070e-07
8.088999999999999524e-01 5.968037736737611070e-07
8.101999999999998092e-01 5.968037736737611070e-07
8.114999999999998881e-01 5.968037736737611070e-07
8.127999999999999670e-01 5.968037736737611070e-07
8.140999999999998238e-01 5.968037736737611070e-07
8.153999999999999027e-01 5.968037736737611070e-07
8.166999999999999815e-01 5.968037736737611070e-07
8.179999999999998384e-01 5.968037736737611070e-07
8.192999999999999172e-01 5.968037736737611070e-07
8.205999999999999961e-01 5.968037736737611070e-07
8.218999999999998529e-01 5.968037736737611070e-07
8.231999999999999318e-01 5.968037736737611070e-07
8.245000000000000107e-01 5.968037736737611070e-07
8.257999999999998675e-01 5.968037736737611070e-07
8.270999999999999464e-01 5.968037736737611070e-07
8.283999999999998032e-01 5.968037736737611070e-07
8.296999999999998820e-01 5.968037736737611070e-07
8.309999999999999609e-01 5.968037736737611070e-07
8.322999999999998177e-01 5.968037736737611070e-07
8.335999999999998966e-01 5.968037736737611070e-07
8.348999999999999755e-01 5.968037736737611070e-07
8.361999999999998323e-01 5.968037736737611070e-07
8.374999999999999112e-01 5.968037736737611070e-07
8.387999999999999901e-01 5.968037736737611070e-07
8.400999999999998469e-01 5.968037736737611070e-07
8.413999999999999257e-01 5.968037736737611070e-07
8.427000000000000046e-01 5.968037736737611070e-07
8.439999999999998614e-01 5.968037736737611070e-07
8.452999999999999403e-01 5.968037736737611070e-07
8.465999999999997971e-01 5.968037736737611070e-07
8.478999999999998760e-01 5.968037736737611070e-07
8.491999999999999549e-01 5.968037736737611070e-07
8.504999999999998117e-01 5.968037736737611070e-07
8.517999999999998906e-01 5.968037736737611070e-07
8.530999999999999694e-01 5.968037736737611070e-07
8.543999999999998263e-01 5.968037736737611070e-07
8.556999999999999051e-01 5.968037736737611070e-07
8.569999999999999840e-01 5.968037736737611070e-07
8.582999999999998408e-01 5.968037736737611070e-07
8.595999999999999197e-01 5.968037736737611070e-07
8.608999999999999986e-01 5.968037736737611070e-07
8.621999999999998554e-01 5.968037736737611070e-07
8.634999999999999343e-01 5.968037736737611070e-07
8.648000000000000131e-01 5.968037736737611070e-07
8.660999999999998700e-01 5.968037736737611070e-07
8.673999999999999488e-01 5.968037736737611070e-07
8.686999999999998057e-01 5.968037736737611070e-07
8.699999999999998845e-01 5.968037736737611070e-07
8.712999999999999634e-01 5.968037736737611070e-07
8.725999999999998202e-01 5.968037736737611070e-07
8.738999999999998991e-01 5.968037736737611070e-07
8.751999999999999780e-01 5.968037736737611070e-07
8.764999999999998348e-01 5.968037736737611070e-07
8.777999999999999137e-01 5.968037736737611070e-07
8.790999999999999925e-01 5.968037736737611070e-07
8.803999999999998494e-01 5.968037736737611070e-07
8.816999999999999282e-01 5.968037736737611070e-07
8.830000000000000071e-01 5.968037736737611070e-07
8.842999999999998639e-01 5.968037736737611070e-07
8.855999999999999428e-01 5.968037736737611070e-07
8.868999999999997996e-01 5.968037736737611070e-07
8.881999999999998785e-01 5.968037736737611070e-07
8.894999999999999574e-01 5.968037736737611070e-07
8.907999999999998142e-01 5.968037736737611070e-07
8.920999999999998931e-01 5.968037736737611070e-07
8.933999999999999719e-01 5.968037736737611070e-07
8.946999999999998288e-01 5.968037736737611070e-07
8.959999999999999076e-01 5.968037736737611070e-07
8.972999999999999865e-01 5.968037736737611070e-07
8.985999999999998433e-01 5.968037736737611070e-07
8.998999999999999222e-01 5.968037736737611070e-07
9.012000000000000011e-01 5.968037736737611070e-07
9.024999999999998579e-01 5.968037736737611070e-07
9.037999999999999368e-01 5.968037736737611070e-07
9.050999999999997936e-01 5.968037736737611070e-07
9.063999999999998725e-01 5.968037736737611070e-07
9.076999999999999513e-01 5.968037736737611070e-07
9.089999999999998082e-01 5.968037736737611070e-07
9.102999999999998870e-01 5.968037736737611070e-07
9.115999999999999659e-01 5.968037736737611070e-07
9.128999999999998227e-01 5.968037736737611070e-07
9.141999999999999016e-01 5.968037736737611070e-07
9.154999999999999805e-01 5.968037736737611070e-07
9.167999999999998373e-01 5.968037736737611070e-07
9.180999999999999162e-01 5.968037736737611070e-07
9.193999999999999950e-01 5.968037736737611070e-07
9.206999999999998519e-01 5.968037736737611070e-07
9.219999999999999307e-01 5.968037736737611070e-07
9.233000000000000096e-01 5.968037736737611070e-07
9.245999999999998664e-01 5.968037736737611070e-07
9.258999999999999453e-01 5.968037736737611070e-07
9.271999999999998021e-01 5.968037736737611070e-07
9.284999999999998810e-01 5.968037736737611070e-07
9.297999999999999599e-01 5.968037736737611070e-07
9.310999999999998167e-01 5.968037736737611070e-07
9.323999999999998956e-01 5.968037736737611070e-07
9.336999999999999744e-01 5.968037736737611070e-07
9.349999999999998312e-01 5.968037736737611070e-07
9.362999999999999101e-01 5.968037736737611070e-07
9.375999999999999890e-01 5.968037736737611070e-07
9.388999999999998458e-01 5.968037736737611070e-07
9.401999999999999247e-01 5.968037736737611070e-07
9.415000000000000036e-01 5.968037736737611070e-07
9.427999999999998604e-01 5.968037736737611070e-07
9.440999999999999392e-01 5.968037736737611070e-07
9.453999999999997961e-01 5.968037736737611070e-07
9.466999999999998749e-01 5.968037736737611070e-07
9.479999999999999538e-01 5.968037736737611070e-07
9.492999999999998106e-01 5.968037736737611070e-07
9.505999999999998895e-01 5.968037736737611070e-07
9.518999999999999684e-01 5.968037736737611070e-07
9.531999999999998252e-01 5.968037736737611070e-07
9.544999999999999041e-01 5.968037736737611070e-07
9.557999999999999829e-01 5.968037736737611070e-07
9.570999999999998398e-01 5.968037736737611070e-07
9.583999999999999186e-01 5.968037736737611070e-07
9.596999999999999975e-01 5.968037736737611070e-07
9.609999999999998543e-01 5.968037736737611070e-07
9.622999999999999332e-01 5.968037736737611070e-07
9.635999999999997900e-01 5.968037736737611070e-07
9.648999999999998689e-01 5.968037736737611070e-07
9.661999999999999478e-01 5.968037736737611070e-07
9.674999999999998046e-01 5.968037736737611070e-07
9.687999999999998835e-01 5.968037736737611070e-07
9.700999999999999623e-01 5.968037736737611070e-07
9.713999999999998192e-01 5.968037736737611070e-07
9.726999999999998980e-01 5.968037736737611070e-07
9.739999999999999769e-01 5.968037736737611070e-07
9.752999999999998337e-01 5.968037736737611070e-07
9.765999999999999126e-01 5.968037736737611070e-07
9.778999999999999915e-01 5.968037736737611070e-07
9.791999999999998483e-01 5.968037736737611070e-07
9.804999999999999272e-01 5.968037736737611070e-07
9.818000000000000060e-01 5.968037736737611070e-07
9.830999999999998629e-01 5.968037736737611070e-07
9.843999999999999417e-01 5.968037736737611070e-07
9.856999999999997986e-01 5.968037736737611070e-07
9.869999999999998774e-01 5.968037736737611070e-07
9.882999999999999563e-01 5.968037736737611070e-07
9.895999999999998131e-01 5.968037736737611070e-07
9.908999999999998920e-01 5.968037736737611070e-07
9.921999999999999709e-01 5.968037736737611070e-07
9.934999999999998277e-01 5.968037736737611070e-07
9.947999999999999066e-01 5.968037736737611070e-07
9.960999999999999854e-01 5.968037736737611070e-07
9.973999999999998423e-01 5.968037736737611070e-07
9.986999999999999211e-01 5.968037736737611070e-07
1.000000000000000000e+00 5.968037736737611070e-07
