# Ensemble: [1^+], detect: -0.7
-8.000000000000000444e-01 1.000000000000000000e+00
-7.999000000000000554e-01 1.000000000000000000e+00
-7.998000000000000664e-01 9.977784647214037461e-01
-7.997000000000000774e-01 9.961916538081206918e-01
-7.996000000000000885e-01 9.944197149549541814e-01
-7.995000000000000995e-01 9.929651382844453256e-01
-7.993999999999999995e-01 9.915899021595995233e-01
-7.993000000000000105e-01 9.900110253008823635e-01
-7.992000000000000215e-01 9.882999141993938919e-01
-7.991000000000000325e-01 9.868850078017170624e-01
-7.990000000000000435e-01 9.850205049786093792e-01
-7.989000000000000545e-01 9.838383308482150369e-01
-7.988000000000000655e-01 9.818971321642974148e-01
-7.987000000000000766e-01 9.799532887955244576e-01
-7.986000000000000876e-01 9.788092736894713486e-01
-7.984999999999999876e-01 9.775198009163674762e-01
-7.983999999999999986e-01 9.754384339351117594e-01
-7.983000000000000096e-01 9.743724370322962569e-01
-7.982000000000000206e-01 9.728004867291540902e-01
-7.981000000000000316e-01 9.715559735985928036e-01
-7.980000000000000426e-01 9.700522813521962329e-01
-7.979000000000000536e-01 9.681896675896989324e-01
-7.978000000000000647e-01 9.660074247718123397e-01
-7.977000000000000757e-01 9.644917684748790521e-01
-7.976000000000000867e-01 9.629126397414137228e-01
-7.975000000000000977e-01 9.616946993967814272e-01
-7.973999999999999977e-01 9.603113975555702675e-01
-7.973000000000000087e-01 9.587790488321467075e-01
-7.972000000000000197e-01 9.570924955185994287e-01
-7.971000000000000307e-01 9.556081289346958219e-01
-7.970000000000000417e-01 9.536256170676585819e-01
-7.969000000000000528e-01 9.520727559641778415e-01
-7.968000000000000638e-01 9.505459542096399428e-01
-7.967000000000000748e-01 9.489893625417075151e-01
-7.966000000000000858e-01 9.470976572458014164e-01
-7.964999999999999858e-01 9.455598932152924352e-01
-7.963999999999999968e-01 9.439638259050141533e-01
-7.963000000000000078e-01 9.423207839542082631e-01
-7.962000000000000188e-01 9.408742043069533434e-01
-7.961000000000000298e-01 9.394659193089043292e-01
-7.960000000000000409e-01 9.374989549831386215e-01
-7.959000000000000519e-01 9.361725825594325867e-01
-7.958000000000000629e-01 9.345069348499810413e-01
-7.957000000000000739e-01 9.326600632592434437e-01
-7.956000000000000849e-01 9.310647343999318704e-01
-7.955000000000000959e-01 9.291035517445203062e-01
-7.953999999999999959e-01 9.277644693335233006e-01
-7.953000000000000069e-01 9.263930974975767008e-01
-7.952000000000000179e-01 9.245789982462276901e-01
-7.951000000000000290e-01 9.229193898063047241e-01
-7.950000000000000400e-01 9.213273410431450650e-01
-7.949000000000000510e-01 9.199828164642938066e-01
-7.948000000000000620e-01 9.187230631501084321e-01
-7.947000000000000730e-01 9.174427208366242592e-01
-7.946000000000000840e-01 9.159724614403188525e-01
-7.944999999999999840e-01 9.139371760891170648e-01
-7.943999999999999950e-01 9.121966471619271655e-01
-7.943000000000000060e-01 9.107217870884039002e-01
-7.942000000000000171e-01 9.092501115571501868e-01
-7.941000000000000281e-01 9.076823171873520391e-01
-7.940000000000000391e-01 9.063028603991123422e-01
-7.939000000000000501e-01 9.050916237977754131e-01
-7.938000000000000611e-01 9.035479464351106049e-01
-7.937000000000000721e-01 9.018774181473169227e-01
-7.936000000000000831e-01 9.005307273135285673e-01
-7.935000000000000941e-01 8.992311308928773173e-01
-7.933999999999999941e-01 8.976540096716080219e-01
-7.933000000000000052e-01 8.963686126898815498e-01
-7.932000000000000162e-01 8.948918811693648001e-01
-7.931000000000000272e-01 8.934642550321493237e-01
-7.930000000000000382e-01 8.922384286300608647e-01
-7.929000000000000492e-01 8.903716655393266732e-01
-7.928000000000000602e-01 8.888081186936892530e-01
-7.927000000000000712e-01 8.872600793183413881e-01
-7.926000000000000822e-01 8.857700517173703325e-01
-7.924999999999999822e-01 8.843640936985281975e-01
-7.923999999999999932e-01 8.827124335594812576e-01
-7.923000000000000043e-01 8.811600709214097993e-01
-7.922000000000000153e-01 8.794584154062190517e-01
-7.921000000000000263e-01 8.782241839406776940e-01
-7.920000000000000373e-01 8.767082566141850553e-01
-7.919000000000000483e-01 8.752501490736263046e-01
-7.918000000000000593e-01 8.739258830185514526e-01
-7.917000000000000703e-01 8.725589213314550729e-01
-7.916000000000000814e-01 8.712409403465489754e-01
-7.915000000000000924e-01 8.699700351250648778e-01
-7.913999999999999924e-01 8.684029657110906575e-01
-7.913000000000000034e-01 8.668074045721817500e-01
-7.912000000000000144e-01 8.655266896011484246e-01
-7.911000000000000254e-01 8.639315619774292632e-01
-7.910000000000000364e-01 8.625558552840357773e-01
-7.909000000000000474e-01 8.611348840934400783e-01
-7.908000000000000584e-01 8.596430229147574709e-01
-7.907000000000000695e-01 8.581015252374130098e-01
-7.906000000000000805e-01 8.566974991476208334e-01
-7.904999999999999805e-01 8.552352962205329590e-01
-7.903999999999999915e-01 8.538514212761992850e-01
-7.903000000000000025e-01 8.522563889214356259e-01
-7.902000000000000135e-01 8.509409939654442034e-01
-7.901000000000000245e-01 8.494234099485962197e-01
-7.900000000000000355e-01 8.480120914450585135e-01
-7.899000000000000465e-01 8.464774910406467345e-01
-7.898000000000000576e-01 8.449505138104309587e-01
-7.897000000000000686e-01 8.434724040406073042e-01
-7.896000000000000796e-01 8.422158561848628322e-01
-7.895000000000000906e-01 8.409689999379110770e-01
-7.893999999999999906e-01 8.395965511682317306e-01
-7.893000000000000016e-01 8.382970233111817215e-01
-7.892000000000000126e-01 8.366866075326301333e-01
-7.891000000000000236e-01 8.349427265902034101e-01
-7.890000000000000346e-01 8.336781936003996307e-01
-7.889000000000000457e-01 8.321396829078685498e-01
-7.888000000000000567e-01 8.309018276604401843e-01
-7.887000000000000677e-01 8.297152711969427719e-01
-7.886000000000000787e-01 8.283061328190645112e-01
-7.884999999999999787e-01 8.269511138259901806e-01
-7.883999999999999897e-01 8.255506711689932775e-01
-7.883000000000000007e-01 8.239190208424741479e-01
-7.882000000000000117e-01 8.227614207278628466e-01
-7.881000000000000227e-01 8.213620123331544232e-01
-7.880000000000000338e-01 8.199396155239315753e-01
-7.879000000000000448e-01 8.186948426995110939e-01
-7.878000000000000558e-01 8.172002495906193209e-01
-7.877000000000000668e-01 8.159373599514445630e-01
-7.876000000000000778e-01 8.143192024728127532e-01
-7.875000000000000888e-01 8.130656299328617997e-01
-7.873999999999999888e-01 8.118234647235825774e-01
-7.872999999999999998e-01 8.105939789626869230e-01
-7.872000000000000108e-01 8.093721566023839298e-01
-7.871000000000000218e-01 8.079001534837249032e-01
-7.870000000000000329e-01 8.064266920290049656e-01
-7.869000000000000439e-01 8.046681527363030995e-01
-7.868000000000000549e-01 8.033732215286493172e-01
-7.867000000000000659e-01 8.019947456799185748e-01
-7.866000000000000769e-01 8.004965155789258713e-01
-7.864999999999999769e-01 7.991931209368047240e-01
-7.863999999999999879e-01 7.980274668396041271e-01
-7.862999999999999989e-01 7.965507327677034954e-01
-7.862000000000000099e-01 7.954494230718222036e-01
-7.861000000000000210e-01 7.941264828171440415e-01
-7.860000000000000320e-01 7.926982446877918198e-01
-7.859000000000000430e-01 7.914323545298078688e-01
-7.858000000000000540e-01 7.900861251891901915e-01
-7.857000000000000650e-01 7.888129725347101662e-01
-7.856000000000000760e-01 7.877961460488100975e-01
-7.855000000000000870e-01 7.863576711950689413e-01
-7.853999999999999870e-01 7.849677515676101169e-01
-7.852999999999999980e-01 7.833887203859167814e-01
-7.852000000000000091e-01 7.822786679501971818e-01
-7.851000000000000201e-01 7.807110524077062186e-01
-7.850000000000000311e-01 7.794438443106999070e-01
-7.849000000000000421e-01 7.779348658287776885e-01
-7.848000000000000531e-01 7.765549360501176057e-01
-7.847000000000000641e-01 7.751772523997934039e-01
-7.846000000000000751e-01 7.739804205171560980e-01
-7.844999999999999751e-01 7.727375466057947451e-01
-7.843999999999999861e-01 7.714343435117771985e-01
-7.842999999999999972e-01 7.702760965697346141e-01
-7.842000000000000082e-01 7.690939197661657012e-01
-7.841000000000000192e-01 7.676864832653464976e-01
-7.840000000000000302e-01 7.662055853925940907e-01
-7.839000000000000412e-01 7.648013504130547480e-01
-7.838000000000000522e-01 7.634464120834023593e-01
-7.837000000000000632e-01 7.622399772169698995e-01
-7.836000000000000743e-01 7.609513202168450841e-01
-7.835000000000000853e-01 7.596862397706861669e-01
-7.833999999999999853e-01 7.584500629879714628e-01
-7.832999999999999963e-01 7.571235809781088344e-01
-7.832000000000000073e-01 7.558089653763521154e-01
-7.831000000000000183e-01 7.545418506597095787e-01
-7.830000000000000293e-01 7.532010440342579161e-01
-7.829000000000000403e-01 7.519640389063655395e-01
-7.828000000000000513e-01 7.505260928345185434e-01
-7.827000000000000624e-01 7.492094808619943480e-01
-7.826000000000000734e-01 7.479635000939179879e-01
-7.824999999999999734e-01 7.468836091057955429e-01
-7.823999999999999844e-01 7.455320488514578514e-01
-7.822999999999999954e-01 7.440074834736870590e-01
-7.822000000000000064e-01 7.426152333865579935e-01
-7.821000000000000174e-01 7.411211507679176247e-01
-7.820000000000000284e-01 7.399311181599663723e-01
-7.819000000000000394e-01 7.387537721060676299e-01
-7.818000000000000504e-01 7.373906870728464957e-01
-7.817000000000000615e-01 7.359099967531415043e-01
-7.816000000000000725e-01 7.347590600681785933e-01
-7.815000000000000835e-01 7.336012614670325283e-01
-7.813999999999999835e-01 7.324193538080576715e-01
-7.812999999999999945e-01 7.310513206808149089e-01
-7.812000000000000055e-01 7.298438698937074198e-01
-7.811000000000000165e-01 7.286998971725378027e-01
-7.810000000000000275e-01 7.274958483236529938e-01
-7.809000000000000385e-01 7.261546813286059443e-01
-7.808000000000000496e-01 7.248099093118112179e-01
-7.807000000000000606e-01 7.234872562295636689e-01
-7.806000000000000716e-01 7.221573968989650760e-01
-7.804999999999999716e-01 7.209558464866885341e-01
-7.803999999999999826e-01 7.197517192949274278e-01
-7.802999999999999936e-01 7.187845617136012777e-01
-7.802000000000000046e-01 7.175889289371569779e-01
-7.801000000000000156e-01 7.162408368972903450e-01
-7.800000000000000266e-01 7.150362145801530955e-01
-7.799000000000000377e-01 7.136391599293075982e-01
-7.798000000000000487e-01 7.122464852503550548e-01
-7.797000000000000597e-01 7.109585357339459621e-01
-7.796000000000000707e-01 7.097416379768284322e-01
-7.795000000000000817e-01 7.083423307579711503e-01
-7.793999999999999817e-01 7.071697223773806273e-01
-7.792999999999999927e-01 7.060528675509847307e-01
-7.792000000000000037e-01 7.047636955320103480e-01
-7.791000000000000147e-01 7.033899521197265470e-01
-7.790000000000000258e-01 7.018770860183586313e-01
-7.789000000000000368e-01 7.006198652080992684e-01
-7.788000000000000478e-01 6.993679899506664022e-01
-7.787000000000000588e-01 6.983411351261530342e-01
-7.786000000000000698e-01 6.973802734903609135e-01
-7.784999999999999698e-01 6.961660212309549456e-01
-7.783999999999999808e-01 6.949050123738521600e-01
-7.782999999999999918e-01 6.938555839637318146e-01
-7.782000000000000028e-01 6.926003524935488986e-01
-7.781000000000000139e-01 6.914520336660729960e-01
-7.780000000000000249e-01 6.904875569120580980e-01
-7.779000000000000359e-01 6.893511550534529020e-01
-7.778000000000000469e-01 6.883137936756009712e-01
-7.777000000000000579e-01 6.870813977761180968e-01
-7.776000000000000689e-01 6.858548630393513923e-01
-7.775000000000000799e-01 6.847730098784212682e-01
-7.773999999999999799e-01 6.837046643602030516e-01
-7.772999999999999909e-01 6.823412620569020426e-01
-7.772000000000000020e-01 6.810588429205377548e-01
-7.771000000000000130e-01 6.799554418919098175e-01
-7.770000000000000240e-01 6.787293297827107219e-01
-7.769000000000000350e-01 6.776151762189575045e-01
-7.768000000000000460e-01 6.766018883315570998e-01
-7.767000000000000570e-01 6.754012918230754003e-01
-7.766000000000000680e-01 6.742574931013809447e-01
-7.764999999999999680e-01 6.730364911642157111e-01
-7.763999999999999790e-01 6.717941909653607491e-01
-7.762999999999999901e-01 6.706325097241593314e-01
-7.762000000000000011e-01 6.695077660192000346e-01
-7.761000000000000121e-01 6.682103331755500086e-01
-7.760000000000000231e-01 6.670399867982804709e-01
-7.759000000000000341e-01 6.657306490996578452e-01
-7.758000000000000451e-01 6.645325341203441871e-01
-7.757000000000000561e-01 6.632487067311118034e-01
-7.756000000000000671e-01 6.620187823011307593e-01
-7.755000000000000782e-01 6.609412398861745919e-01
-7.753999999999999782e-01 6.596878941444649369e-01
-7.752999999999999892e-01 6.585393500508015530e-01
-7.752000000000000002e-01 6.573442196552862216e-01
-7.751000000000000112e-01 6.563443300334683705e-01
-7.750000000000000222e-01 6.550949678742727933e-01
-7.749000000000000332e-01 6.540047161177764412e-01
-7.748000000000000442e-01 6.528347629181944223e-01
-7.747000000000000552e-01 6.516870430125792923e-01
-7.746000000000000663e-01 6.504280197848972822e-01
-7.744999999999999662e-01 6.491549008616789296e-01
-7.743999999999999773e-01 6.479248298238045045e-01
-7.742999999999999883e-01 6.468349785096996207e-01
-7.741999999999999993e-01 6.457221165206774582e-01
-7.741000000000000103e-01 6.447246583936666608e-01
-7.740000000000000213e-01 6.436396020751049551e-01
-7.739000000000000323e-01 6.426547939773369356e-01
-7.738000000000000433e-01 6.416121788135128456e-01
-7.737000000000000544e-01 6.403542746656405438e-01
-7.736000000000000654e-01 6.393052900648669157e-01
-7.735000000000000764e-01 6.382446496682440129e-01
-7.733999999999999764e-01 6.370857985979603288e-01
-7.732999999999999874e-01 6.358045239734466669e-01
-7.731999999999999984e-01 6.346484153112829096e-01
-7.731000000000000094e-01 6.335717207148320318e-01
-7.730000000000000204e-01 6.322336394619825217e-01
-7.729000000000000314e-01 6.310640305387780202e-01
-7.728000000000000425e-01 6.298383449617926955e-01
-7.727000000000000535e-01 6.286459296672700647e-01
-7.726000000000000645e-01 6.274892231942612586e-01
-7.724999999999999645e-01 6.263908202953532012e-01
-7.723999999999999755e-01 6.252030508947431509e-01
-7.722999999999999865e-01 6.242623125627914105e-01
-7.721999999999999975e-01 6.230820419501816865e-01
-7.721000000000000085e-01 6.218833500774487710e-01
-7.720000000000000195e-01 6.207888628761666361e-01
-7.719000000000000306e-01 6.194667914064106995e-01
-7.718000000000000416e-01 6.182946820655494946e-01
-7.717000000000000526e-01 6.171443981644053611e-01
-7.716000000000000636e-01 6.158383383788782472e-01
-7.715000000000000746e-01 6.147393079318543840e-01
-7.713999999999999746e-01 6.136866368742935895e-01
-7.712999999999999856e-01 6.126378865400667895e-01
-7.711999999999999966e-01 6.116160444008407193e-01
-7.711000000000000076e-01 6.105776291264176647e-01
-7.710000000000000187e-01 6.097475789608953756e-01
-7.709000000000000297e-01 6.086530857066010380e-01
-7.708000000000000407e-01 6.075253669141698065e-01
-7.707000000000000517e-01 6.064604380625796543e-01
-7.706000000000000627e-01 6.054252803280151252e-01
-7.704999999999999627e-01 6.044350259229562816e-01
-7.703999999999999737e-01 6.032100692652347940e-01
-7.702999999999999847e-01 6.021155378928962909e-01
-7.701999999999999957e-01 6.008875087817416860e-01
-7.701000000000000068e-01 5.997750056806632202e-01
-7.700000000000000178e-01 5.988460095889087675e-01
-7.699000000000000288e-01 5.977651303145107287e-01
-7.698000000000000398e-01 5.966551535378393778e-01
-7.697000000000000508e-01 5.955209833251616791e-01
-7.696000000000000618e-01 5.945220394857463342e-01
-7.695000000000000728e-01 5.935874747858167488e-01
-7.693999999999999728e-01 5.927239917957569659e-01
-7.692999999999999838e-01 5.917952339734477984e-01
-7.691999999999999948e-01 5.909110227063534282e-01
-7.691000000000000059e-01 5.899697691768835961e-01
-7.690000000000000169e-01 5.888319369261756364e-01
-7.689000000000000279e-01 5.878876151731515787e-01
-7.688000000000000389e-01 5.867655255547121751e-01
-7.687000000000000499e-01 5.857709516621838475e-01
-7.686000000000000609e-01 5.846867257250052408e-01
-7.684999999999999609e-01 5.837113865550453973e-01
-7.683999999999999719e-01 5.827527329062642814e-01
-7.682999999999999829e-01 5.815763381526922737e-01
-7.681999999999999940e-01 5.805659436920311833e-01
-7.681000000000000050e-01 5.794780809395981835e-01
-7.680000000000000160e-01 5.784165579209991082e-01
-7.679000000000000270e-01 5.774553235576542765e-01
-7.678000000000000380e-01 5.763918021538627645e-01
-7.677000000000000490e-01 5.752062177282010191e-01
-7.676000000000000600e-01 5.740507583122766988e-01
-7.675000000000000711e-01 5.730332778574499519e-01
-7.673999999999999710e-01 5.719311661431191185e-01
-7.672999999999999821e-01 5.709178268778705156e-01
-7.671999999999999931e-01 5.698430558815009705e-01
-7.671000000000000041e-01 5.689535265988585611e-01
-7.670000000000000151e-01 5.679110621284607641e-01
-7.669000000000000261e-01 5.669344171899592943e-01
-7.668000000000000371e-01 5.658597276054948555e-01
-7.667000000000000481e-01 5.649012244003875916e-01
-7.666000000000000592e-01 5.639198135229841480e-01
-7.664999999999999591e-01 5.629271319987556588e-01
-7.663999999999999702e-01 5.619234182223529217e-01
-7.662999999999999812e-01 5.609250005666343020e-01
-7.661999999999999922e-01 5.599620092167270080e-01
-7.661000000000000032e-01 5.589160859880928367e-01
-7.660000000000000142e-01 5.579188367418158601e-01
-7.659000000000000252e-01 5.569404757043262544e-01
-7.658000000000000362e-01 5.559919706598547284e-01
-7.657000000000000473e-01 5.549468714216059251e-01
-7.656000000000000583e-01 5.538245048160044259e-01
-7.655000000000000693e-01 5.527546706853094793e-01
-7.653999999999999693e-01 5.518900640196388041e-01
-7.652999999999999803e-01 5.507152075400386648e-01
-7.651999999999999913e-01 5.497481181533352412e-01
-7.651000000000000023e-01 5.488129332892308643e-01
-7.650000000000000133e-01 5.477919075646012770e-01
-7.649000000000000243e-01 5.468159790105224793e-01
-7.648000000000000353e-01 5.457499148100714015e-01
-7.647000000000000464e-01 5.448914307932291035e-01
-7.646000000000000574e-01 5.438801246440014836e-01
-7.644999999999999574e-01 5.429705820036999642e-01
-7.643999999999999684e-01 5.419873183153494089e-01
-7.642999999999999794e-01 5.410155802426938054e-01
-7.641999999999999904e-01 5.400429578424171817e-01
-7.641000000000000014e-01 5.392068814757982054e-01
-7.640000000000000124e-01 5.383831974923035668e-01
-7.639000000000000234e-01 5.372202774257028857e-01
-7.638000000000000345e-01 5.361507588820078052e-01
-7.637000000000000455e-01 5.350424156890853933e-01
-7.636000000000000565e-01 5.340731689147398820e-01
-7.635000000000000675e-01 5.330447458892524359e-01
-7.633999999999999675e-01 5.321203055332358600e-01
-7.632999999999999785e-01 5.311889792813189182e-01
-7.631999999999999895e-01 5.302396053122023778e-01
-7.631000000000000005e-01 5.292891537556078108e-01
-7.630000000000000115e-01 5.282731493789495358e-01
-7.629000000000000226e-01 5.272978724184723687e-01
-7.628000000000000336e-01 5.264266646296198449e-01
-7.627000000000000446e-01 5.254863141891884526e-01
-7.626000000000000556e-01 5.245273462952718679e-01
-7.624999999999999556e-01 5.236545521049175145e-01
-7.623999999999999666e-01 5.224929284971321364e-01
-7.622999999999999776e-01 5.215707551828308031e-01
-7.621999999999999886e-01 5.208053983865256198e-01
-7.620999999999999996e-01 5.197591823469734917e-01
-7.620000000000000107e-01 5.188933408209669418e-01
-7.619000000000000217e-01 5.178656170981034146e-01
-7.618000000000000327e-01 5.169254984442076539e-01
-7.617000000000000437e-01 5.159733726148740818e-01
-7.616000000000000547e-01 5.150133320691143712e-01
-7.615000000000000657e-01 5.139956392809390540e-01
-7.613999999999999657e-01 5.130625558245411888e-01
-7.612999999999999767e-01 5.120313600147421429e-01
-7.611999999999999877e-01 5.111064527427822135e-01
-7.610999999999999988e-01 5.101988259875693821e-01
-7.610000000000000098e-01 5.093695862167227917e-01
-7.609000000000000208e-01 5.083345457875041440e-01
-7.608000000000000318e-01 5.073074675985753679e-01
-7.607000000000000428e-01 5.063203013120629592e-01
-7.606000000000000538e-01 5.054692180291950887e-01
-7.604999999999999538e-01 5.045591761249710316e-01
-7.603999999999999648e-01 5.036928544204704039e-01
-7.602999999999999758e-01 5.028009897794667449e-01
-7.601999999999999869e-01 5.019050975209088383e-01
-7.600999999999999979e-01 5.008869054445583835e-01
-7.600000000000000089e-01 4.999431574546251977e-01
-7.599000000000000199e-01 4.990400025364941650e-01
-7.598000000000000309e-01 4.980318764791860087e-01
-7.597000000000000419e-01 4.970537624365702900e-01
-7.596000000000000529e-01 4.962644342200129288e-01
-7.595000000000000639e-01 4.953248771251920757e-01
-7.593999999999999639e-01 4.943303965397123356e-01
-7.592999999999999750e-01 4.932973391350248260e-01
-7.591999999999999860e-01 4.923933848404868918e-01
-7.590999999999999970e-01 4.914404050803016788e-01
-7.590000000000000080e-01 4.905467645607903826e-01
-7.589000000000000190e-01 4.896632207428424644e-01
-7.588000000000000300e-01 4.888400995068777344e-01
-7.587000000000000410e-01 4.879337167006451148e-01
-7.586000000000000520e-01 4.871356617151565427e-01
-7.584999999999999520e-01 4.863177975441607681e-01
-7.583999999999999631e-01 4.854717405720720969e-01
-7.582999999999999741e-01 4.846053192020818856e-01
-7.581999999999999851e-01 4.837905295200594091e-01
-7.580999999999999961e-01 4.828674122617002684e-01
-7.580000000000000071e-01 4.820777444630355846e-01
-7.579000000000000181e-01 4.810905091115385002e-01
-7.578000000000000291e-01 4.801999298381934844e-01
-7.577000000000000401e-01 4.793217780292656216e-01
-7.576000000000000512e-01 4.784586233342796868e-01
-7.575000000000000622e-01 4.774839278377354668e-01
-7.573999999999999622e-01 4.766079058857008999e-01
-7.572999999999999732e-01 4.756746693883328048e-01
-7.571999999999999842e-01 4.747594928418683025e-01
-7.570999999999999952e-01 4.738276122428329296e-01
-7.570000000000000062e-01 4.729128492301924447e-01
-7.569000000000000172e-01 4.720526109398423542e-01
-7.568000000000000282e-01 4.712736035805153989e-01
-7.567000000000000393e-01 4.705946590554103692e-01
-7.566000000000000503e-01 4.697255390404212472e-01
-7.564999999999999503e-01 4.689155930033064301e-01
-7.563999999999999613e-01 4.679934839518099521e-01
-7.562999999999999723e-01 4.671903370168412617e-01
-7.561999999999999833e-01 4.662622594590464797e-01
-7.560999999999999943e-01 4.652858011896842672e-01
-7.560000000000000053e-01 4.644092999392686605e-01
-7.559000000000000163e-01 4.635451779959066654e-01
-7.558000000000000274e-01 4.626549754473107678e-01
-7.557000000000000384e-01 4.618064297067436819e-01
-7.556000000000000494e-01 4.610734367976146442e-01
-7.555000000000000604e-01 4.600980262420376055e-01
-7.553999999999999604e-01 4.592395629785141487e-01
-7.552999999999999714e-01 4.584552818012674891e-01
-7.551999999999999824e-01 4.577592158796351396e-01
-7.550999999999999934e-01 4.567940861445021206e-01
-7.550000000000000044e-01 4.561832159141033793e-01
-7.549000000000000155e-01 4.555662637125349468e-01
-7.548000000000000265e-01 4.547821255999617285e-01
-7.547000000000000375e-01 4.540003957489071595e-01
-7.546000000000000485e-01 4.532553570010929844e-01
-7.544999999999999485e-01 4.523924516302547105e-01
-7.543999999999999595e-01 4.516472698688164256e-01
-7.542999999999999705e-01 4.508557250773000402e-01
-7.541999999999999815e-01 4.500766645138096766e-01
-7.540999999999999925e-01 4.492802234076487822e-01
-7.540000000000000036e-01 4.484561556669180993e-01
-7.539000000000000146e-01 4.477048496453272519e-01
-7.538000000000000256e-01 4.469440734140381899e-01
-7.537000000000000366e-01 4.462025331308825948e-01
-7.536000000000000476e-01 4.452963143028845772e-01
-7.535000000000000586e-01 4.445519158163649398e-01
-7.533999999999999586e-01 4.437106725622405046e-01
-7.532999999999999696e-01 4.428822146812509963e-01
-7.531999999999999806e-01 4.419492387698952252e-01
-7.530999999999999917e-01 4.411853871428610963e-01
-7.530000000000000027e-01 4.404254768412379506e-01
-7.529000000000000137e-01 4.396388750843303606e-01
-7.528000000000000247e-01 4.388662174048185149e-01
-7.527000000000000357e-01 4.380510082814469963e-01
-7.526000000000000467e-01 4.371815788192962571e-01
-7.524999999999999467e-01 4.364791816991153151e-01
-7.523999999999999577e-01 4.357305149481546236e-01
-7.522999999999999687e-01 4.349971753533594665e-01
-7.521999999999999797e-01 4.341358540486852657e-01
-7.520999999999999908e-01 4.332969313439246628e-01
-7.520000000000000018e-01 4.324260612653087477e-01
-7.519000000000000128e-01 4.317425636902216257e-01
-7.518000000000000238e-01 4.309854120249875797e-01
-7.517000000000000348e-01 4.301573645625824116e-01
-7.516000000000000458e-01 4.294337480910828120e-01
-7.515000000000000568e-01 4.286811037439051675e-01
-7.513999999999999568e-01 4.277950758809938026e-01
-7.512999999999999678e-01 4.269993359081224460e-01
-7.511999999999999789e-01 4.262421937459544008e-01
-7.510999999999999899e-01 4.254434739038394642e-01
-7.510000000000000009e-01 4.245705048793886327e-01
-7.509000000000000119e-01 4.239162963743563495e-01
-7.508000000000000229e-01 4.230136801912082190e-01
-7.507000000000000339e-01 4.221739352085622787e-01
-7.506000000000000449e-01 4.215229065565629374e-01
-7.504999999999999449e-01 4.207436026384354655e-01
-7.503999999999999559e-01 4.199316623517451164e-01
-7.502999999999999670e-01 4.191297391170600850e-01
-7.501999999999999780e-01 4.181997079829678499e-01
-7.500999999999999890e-01 4.173982864353562583e-01
-7.500000000000000000e-01 4.166457119915428220e-01
-7.499000000000000110e-01 4.157781666451131897e-01
-7.498000000000000220e-01 4.149230130254905613e-01
-7.497000000000000330e-01 4.141635382970552670e-01
-7.496000000000000441e-01 4.134203374402812270e-01
-7.495000000000000551e-01 4.125459087742924247e-01
-7.493999999999999551e-01 4.118393620296306734e-01
-7.492999999999999661e-01 4.110329866112332753e-01
-7.491999999999999771e-01 4.102669898097920931e-01
-7.490999999999999881e-01 4.095412426129244055e-01
-7.489999999999999991e-01 4.087946587562587553e-01
-7.489000000000000101e-01 4.079204806120146354e-01
-7.488000000000000211e-01 4.071557128724899166e-01
-7.487000000000000322e-01 4.062805615846279972e-01
-7.486000000000000432e-01 4.054841815239203506e-01
-7.484999999999999432e-01 4.047572751804534574e-01
-7.483999999999999542e-01 4.040045380772429584e-01
-7.482999999999999652e-01 4.032097504034204971e-01
-7.481999999999999762e-01 4.024978750159937113e-01
-7.480999999999999872e-01 4.015918356569977976e-01
-7.479999999999999982e-01 4.007700406436106033e-01
-7.479000000000000092e-01 4.000744682665124397e-01
-7.478000000000000203e-01 3.992517038976875487e-01
-7.477000000000000313e-01 3.986291470350096233e-01
-7.476000000000000423e-01 3.978726951722130756e-01
-7.475000000000000533e-01 3.970709580245057602e-01
-7.473999999999999533e-01 3.964201444500793370e-01
-7.472999999999999643e-01 3.956425749897279909e-01
-7.471999999999999753e-01 3.947943656634622100e-01
-7.470999999999999863e-01 3.940050536733791242e-01
-7.469999999999999973e-01 3.933025783590829993e-01
-7.469000000000000083e-01 3.925506266641505260e-01
-7.468000000000000194e-01 3.917646762369990099e-01
-7.467000000000000304e-01 3.909007487325022456e-01
-7.466000000000000414e-01 3.901703718678724564e-01
-7.464999999999999414e-01 3.895113809767491997e-01
-7.463999999999999524e-01 3.887128940604059890e-01
-7.462999999999999634e-01 3.880516288363412558e-01
-7.461999999999999744e-01 3.873242358352254056e-01
-7.460999999999999854e-01 3.866461362765199472e-01
-7.459999999999999964e-01 3.858767453648319079e-01
-7.459000000000000075e-01 3.850965605521973756e-01
-7.458000000000000185e-01 3.845000049877509984e-01
-7.457000000000000295e-01 3.837620914462116506e-01
-7.456000000000000405e-01 3.831210330068997583e-01
-7.455000000000000515e-01 3.824509598547887190e-01
-7.453999999999999515e-01 3.816302268589411573e-01
-7.452999999999999625e-01 3.809994415806799428e-01
-7.451999999999999735e-01 3.801294440411575604e-01
-7.450999999999999845e-01 3.794757121870095951e-01
-7.449999999999999956e-01 3.788130389683745936e-01
-7.449000000000000066e-01 3.781592159507838335e-01
-7.448000000000000176e-01 3.774977785997008506e-01
-7.447000000000000286e-01 3.767445964839153394e-01
-7.446000000000000396e-01 3.760487012973247611e-01
-7.444999999999999396e-01 3.752818528152108701e-01
-7.443999999999999506e-01 3.746033732692198304e-01
-7.442999999999999616e-01 3.739673412262743968e-01
-7.441999999999999726e-01 3.733220359488339524e-01
-7.440999999999999837e-01 3.725477942392896313e-01
-7.439999999999999947e-01 3.719079455407142132e-01
-7.439000000000000057e-01 3.711435664354605368e-01
-7.438000000000000167e-01 3.703964110857058123e-01
-7.437000000000000277e-01 3.697252033520960768e-01
-7.436000000000000387e-01 3.689634694489576372e-01
-7.435000000000000497e-01 3.683125584712291789e-01
-7.433999999999999497e-01 3.676119721133612184e-01
-7.432999999999999607e-01 3.668008785848891895e-01
-7.431999999999999718e-01 3.660942467700595837e-01
-7.430999999999999828e-01 3.653795244884036619e-01
-7.429999999999999938e-01 3.646482018289007865e-01
-7.429000000000000048e-01 3.638990214804062040e-01
-7.428000000000000158e-01 3.632042754060905154e-01
-7.427000000000000268e-01 3.624555172102405520e-01
-7.426000000000000378e-01 3.618047099334431027e-01
-7.424999999999999378e-01 3.610578105689965511e-01
-7.423999999999999488e-01 3.603136233626043627e-01
-7.422999999999999599e-01 3.597197151435315154e-01
-7.421999999999999709e-01 3.589529680539823575e-01
-7.420999999999999819e-01 3.581507610220644455e-01
-7.419999999999999929e-01 3.575621406409441039e-01
-7.419000000000000039e-01 3.568354937234037294e-01
-7.418000000000000149e-01 3.561668193143122108e-01
-7.417000000000000259e-01 3.553867788463418442e-01
-7.416000000000000369e-01 3.547676954140890349e-01
-7.415000000000000480e-01 3.542091710525641646e-01
-7.413999999999999480e-01 3.535974776729139402e-01
-7.412999999999999590e-01 3.529682311486734281e-01
-7.411999999999999700e-01 3.522741111997408914e-01
-7.410999999999999810e-01 3.517363309474703659e-01
-7.409999999999999920e-01 3.509510157557545473e-01
-7.409000000000000030e-01 3.502839731283374780e-01
-7.408000000000000140e-01 3.496735247739465868e-01
-7.407000000000000250e-01 3.490955278555950558e-01
-7.406000000000000361e-01 3.485027449440500913e-01
-7.404999999999999361e-01 3.478667910913822992e-01
-7.403999999999999471e-01 3.472487914511823703e-01
-7.402999999999999581e-01 3.464772051079411663e-01
-7.401999999999999691e-01 3.457012503700961359e-01
-7.400999999999999801e-01 3.451203500677158531e-01
-7.399999999999999911e-01 3.445823066881329444e-01
-7.399000000000000021e-01 3.439367637688905410e-01
-7.398000000000000131e-01 3.433524961201859238e-01
-7.397000000000000242e-01 3.427457625171143052e-01
-7.396000000000000352e-01 3.421849723437259683e-01
-7.395000000000000462e-01 3.414744820244118295e-01
-7.393999999999999462e-01 3.407564258156720594e-01
-7.392999999999999572e-01 3.401116218097869903e-01
-7.391999999999999682e-01 3.395128502497650191e-01
-7.390999999999999792e-01 3.389057810344626720e-01
-7.389999999999999902e-01 3.383112053884465564e-01
-7.389000000000000012e-01 3.374684635627121509e-01
-7.388000000000000123e-01 3.367379317371952396e-01
-7.387000000000000233e-01 3.361559536526735892e-01
-7.386000000000000343e-01 3.355482361781897405e-01
-7.384999999999999343e-01 3.349103661742763305e-01
-7.383999999999999453e-01 3.342733061477011769e-01
-7.382999999999999563e-01 3.335790491002292857e-01
-7.381999999999999673e-01 3.328624022851541797e-01
-7.380999999999999783e-01 3.322562683631470892e-01
-7.379999999999999893e-01 3.316546684368429920e-01
-7.379000000000000004e-01 3.309615028264434877e-01
-7.378000000000000114e-01 3.302737477483392303e-01
-7.377000000000000224e-01 3.296187009074241780e-01
-7.376000000000000334e-01 3.290192060724346224e-01
-7.375000000000000444e-01 3.284663330081953325e-01
-7.373999999999999444e-01 3.278298272754677778e-01
-7.372999999999999554e-01 3.272600883482867373e-01
-7.371999999999999664e-01 3.265916024717487320e-01
-7.370999999999999774e-01 3.260415225177566434e-01
-7.369999999999999885e-01 3.253099190756752468e-01
-7.368999999999999995e-01 3.247509433301085657e-01
-7.368000000000000105e-01 3.241087242806405255e-01
-7.367000000000000215e-01 3.235359221440028410e-01
-7.366000000000000325e-01 3.229523421199768096e-01
-7.364999999999999325e-01 3.222822651026488461e-01
-7.363999999999999435e-01 3.216918052569786024e-01
-7.362999999999999545e-01 3.210296556611997310e-01
-7.361999999999999655e-01 3.203695431384243064e-01
-7.360999999999999766e-01 3.197653927451426514e-01
-7.359999999999999876e-01 3.191232056946238238e-01
-7.358999999999999986e-01 3.184639621911898866e-01
-7.358000000000000096e-01 3.178780748297532766e-01
-7.357000000000000206e-01 3.172295270454911220e-01
-7.356000000000000316e-01 3.167390447898750239e-01
-7.355000000000000426e-01 3.160748123560336853e-01
-7.353999999999999426e-01 3.154467587953025398e-01
-7.352999999999999536e-01 3.148140892667953272e-01
-7.351999999999999647e-01 3.142146051528232342e-01
-7.350999999999999757e-01 3.136663126460186302e-01
-7.349999999999999867e-01 3.130543840085199814e-01
-7.348999999999999977e-01 3.124329955641229062e-01
-7.348000000000000087e-01 3.118097602803928114e-01
-7.347000000000000197e-01 3.112371474498423218e-01
-7.346000000000000307e-01 3.106222640639641486e-01
-7.344999999999999307e-01 3.100260187342680496e-01
-7.343999999999999417e-01 3.094900315859591133e-01
-7.342999999999999527e-01 3.089940318348526893e-01
-7.341999999999999638e-01 3.083595500517285481e-01
-7.340999999999999748e-01 3.076633866155129571e-01
-7.339999999999999858e-01 3.071761131409951329e-01
-7.338999999999999968e-01 3.065719351157894512e-01
-7.338000000000000078e-01 3.060450529792561603e-01
-7.337000000000000188e-01 3.053593054352142233e-01
-7.336000000000000298e-01 3.047231345946500025e-01
-7.335000000000000409e-01 3.041859893233728185e-01
-7.333999999999999408e-01 3.036451784008769583e-01
-7.332999999999999519e-01 3.031124217301363055e-01
-7.331999999999999629e-01 3.024576967179932185e-01
-7.330999999999999739e-01 3.020129418121251796e-01
-7.329999999999999849e-01 3.014690384491287567e-01
-7.328999999999999959e-01 3.009620381372225539e-01
-7.328000000000000069e-01 3.003926751301423392e-01
-7.327000000000000179e-01 2.998089346668272315e-01
-7.326000000000000290e-01 2.992162187424829423e-01
-7.324999999999999289e-01 2.986988287379158669e-01
-7.323999999999999400e-01 2.980940429906082656e-01
-7.322999999999999510e-01 2.975640427807100252e-01
-7.321999999999999620e-01 2.970274458499169157e-01
-7.320999999999999730e-01 2.963149688217900923e-01
-7.319999999999999840e-01 2.957700146192631108e-01
-7.318999999999999950e-01 2.951016454708197401e-01
-7.318000000000000060e-01 2.944960372075601795e-01
-7.317000000000000171e-01 2.940311291670360538e-01
-7.316000000000000281e-01 2.935238714242501823e-01
-7.315000000000000391e-01 2.928922490934262046e-01
-7.313999999999999391e-01 2.923748353042786574e-01
-7.312999999999999501e-01 2.918179196021075117e-01
-7.311999999999999611e-01 2.912245493373352145e-01
-7.310999999999999721e-01 2.907348826613551096e-01
-7.309999999999999831e-01 2.902039280445294356e-01
-7.308999999999999941e-01 2.897419563965351608e-01
-7.308000000000000052e-01 2.893388544182515232e-01
-7.307000000000000162e-01 2.888447558892627831e-01
-7.306000000000000272e-01 2.881783683522659012e-01
-7.304999999999999272e-01 2.876115005660608293e-01
-7.303999999999999382e-01 2.870754853387719185e-01
-7.302999999999999492e-01 2.864859269216031290e-01
-7.301999999999999602e-01 2.858402078925759704e-01
-7.300999999999999712e-01 2.852711999895276573e-01
-7.299999999999999822e-01 2.847658465057377741e-01
-7.298999999999999932e-01 2.841842481774043971e-01
-7.298000000000000043e-01 2.836400590132370780e-01
-7.297000000000000153e-01 2.831378483683161806e-01
-7.296000000000000263e-01 2.826274400226018724e-01
-7.295000000000000373e-01 2.821223701806280793e-01
-7.293999999999999373e-01 2.815172964482845486e-01
-7.292999999999999483e-01 2.810172645688011062e-01
-7.291999999999999593e-01 2.804837831512906887e-01
-7.290999999999999703e-01 2.799301518181586124e-01
-7.289999999999999813e-01 2.793444019547551282e-01
-7.288999999999999924e-01 2.788203571546458148e-01
-7.288000000000000034e-01 2.783055078696823892e-01
-7.287000000000000144e-01 2.777073222416602261e-01
-7.286000000000000254e-01 2.772600521722973776e-01
-7.284999999999999254e-01 2.767851768333278728e-01
-7.283999999999999364e-01 2.762454487929156821e-01
-7.282999999999999474e-01 2.756424222700146198e-01
-7.281999999999999584e-01 2.751459956368856319e-01
-7.280999999999999694e-01 2.746024784887895476e-01
-7.279999999999999805e-01 2.740450550601456481e-01
-7.278999999999999915e-01 2.734856781906074286e-01
-7.278000000000000025e-01 2.729961875136676097e-01
-7.277000000000000135e-01 2.724806683262125384e-01
-7.276000000000000245e-01 2.719471901413364479e-01
-7.275000000000000355e-01 2.714660621053290868e-01
-7.273999999999999355e-01 2.709022672324752912e-01
-7.272999999999999465e-01 2.704428995149512072e-01
-7.271999999999999575e-01 2.698370171277112983e-01
-7.270999999999999686e-01 2.692615690583173849e-01
-7.269999999999999796e-01 2.687927473239170584e-01
-7.268999999999999906e-01 2.682642625050467022e-01
-7.268000000000000016e-01 2.677171009212440667e-01
-7.267000000000000126e-01 2.672201466255566538e-01
-7.266000000000000236e-01 2.666296797964419207e-01
-7.264999999999999236e-01 2.660670458462795485e-01
-7.263999999999999346e-01 2.655486137526392176e-01
-7.262999999999999456e-01 2.650154637395284452e-01
-7.261999999999999567e-01 2.644725643518973657e-01
-7.260999999999999677e-01 2.639433737923746470e-01
-7.259999999999999787e-01 2.633711162825634333e-01
-7.258999999999999897e-01 2.629582733475233636e-01
-7.258000000000000007e-01 2.624934203230334107e-01
-7.257000000000000117e-01 2.619833258205798154e-01
-7.256000000000000227e-01 2.614208295287989703e-01
-7.255000000000000338e-01 2.608692072650176663e-01
-7.253999999999999337e-01 2.603322857868198836e-01
-7.252999999999999448e-01 2.598330225487865408e-01
-7.251999999999999558e-01 2.592853946909144391e-01
-7.250999999999999668e-01 2.588399276718688080e-01
-7.249999999999999778e-01 2.583613300417424430e-01
-7.248999999999999888e-01 2.577599471297457034e-01
-7.247999999999999998e-01 2.571892625044236436e-01
-7.247000000000000108e-01 2.566660826456445554e-01
-7.246000000000000218e-01 2.562655344754015685e-01
-7.244999999999999218e-01 2.558854648416233335e-01
-7.243999999999999329e-01 2.553713959257630228e-01
-7.242999999999999439e-01 2.548043983818013003e-01
-7.241999999999999549e-01 2.542731706106049483e-01
-7.240999999999999659e-01 2.537259638666815031e-01
-7.239999999999999769e-01 2.532908438423446817e-01
-7.238999999999999879e-01 2.527965957322458324e-01
-7.237999999999999989e-01 2.523139207657019156e-01
-7.237000000000000099e-01 2.518440814859587706e-01
-7.236000000000000210e-01 2.513972069699428324e-01
-7.235000000000000320e-01 2.508985026002769625e-01
-7.233999999999999320e-01 2.504352227134984954e-01
-7.232999999999999430e-01 2.499593511469525020e-01
-7.231999999999999540e-01 2.494029987412959837e-01
-7.230999999999999650e-01 2.488538870066052122e-01
-7.229999999999999760e-01 2.483300814696025871e-01
-7.228999999999999870e-01 2.478780664914659870e-01
-7.227999999999999980e-01 2.473174966680903308e-01
-7.227000000000000091e-01 2.468701910564184976e-01
-7.226000000000000201e-01 2.464033627142107330e-01
-7.224999999999999201e-01 2.458723905948707877e-01
-7.223999999999999311e-01 2.453523783098015831e-01
-7.222999999999999421e-01 2.447989769014526362e-01
-7.221999999999999531e-01 2.443250441456494559e-01
-7.220999999999999641e-01 2.437886783513106281e-01
-7.219999999999999751e-01 2.434211813967555316e-01
-7.218999999999999861e-01 2.428842296576982085e-01
-7.217999999999999972e-01 2.424853009822321437e-01
-7.217000000000000082e-01 2.419616627389169772e-01
-7.216000000000000192e-01 2.414520086164922419e-01
-7.215000000000000302e-01 2.409906119636362198e-01
-7.213999999999999302e-01 2.404466170616826048e-01
-7.212999999999999412e-01 2.399247721701031066e-01
-7.211999999999999522e-01 2.394751041868125596e-01
-7.210999999999999632e-01 2.389803828051669521e-01
-7.209999999999999742e-01 2.385310268500344388e-01
-7.208999999999999853e-01 2.380269292411357762e-01
-7.207999999999999963e-01 2.374459413199944691e-01
-7.207000000000000073e-01 2.369013421842880440e-01
-7.206000000000000183e-01 2.364434324230161588e-01
-7.204999999999999183e-01 2.359877526215311272e-01
-7.203999999999999293e-01 2.354834419554238112e-01
-7.202999999999999403e-01 2.350529370305677046e-01
-7.201999999999999513e-01 2.346800842518651509e-01
-7.200999999999999623e-01 2.342607364791368663e-01
-7.199999999999999734e-01 2.338829564026432273e-01
-7.198999999999999844e-01 2.334217891837571945e-01
-7.197999999999999954e-01 2.330308108131732836e-01
-7.197000000000000064e-01 2.325717968646404954e-01
-7.196000000000000174e-01 2.321036788357469238e-01
-7.195000000000000284e-01 2.315966086626122800e-01
-7.193999999999999284e-01 2.310837916502858913e-01
-7.192999999999999394e-01 2.306353771327445401e-01
-7.191999999999999504e-01 2.302530801200627641e-01
-7.190999999999999615e-01 2.298871477624097048e-01
-7.189999999999999725e-01 2.294034000037938892e-01
-7.188999999999999835e-01 2.289764090923956663e-01
-7.187999999999999945e-01 2.285311559759780897e-01
-7.187000000000000055e-01 2.280306837848673773e-01
-7.186000000000000165e-01 2.275804135618942070e-01
-7.184999999999999165e-01 2.271148938955597774e-01
-7.183999999999999275e-01 2.267193374066666933e-01
-7.182999999999999385e-01 2.263494965991972863e-01
-7.181999999999999496e-01 2.258673450138121153e-01
-7.180999999999999606e-01 2.254159417726830927e-01
-7.179999999999999716e-01 2.249471182661350599e-01
-7.178999999999999826e-01 2.245449674009357688e-01
-7.177999999999999936e-01 2.241167019840819008e-01
-7.177000000000000046e-01 2.237021573125868579e-01
-7.176000000000000156e-01 2.232747465692217492e-01
-7.175000000000000266e-01 2.229115210225227350e-01
-7.173999999999999266e-01 2.224658370906567872e-01
-7.172999999999999376e-01 2.220281917997013188e-01
-7.171999999999999487e-01 2.215940823464735976e-01
-7.170999999999999597e-01 2.211944063312524522e-01
-7.169999999999999707e-01 2.207921520908108781e-01
-7.168999999999999817e-01 2.203059174118893737e-01
-7.167999999999999927e-01 2.198426241519573499e-01
-7.167000000000000037e-01 2.194246755320580777e-01
-7.166000000000000147e-01 2.190582222571862969e-01
-7.164999999999999147e-01 2.185421168952360049e-01
-7.163999999999999257e-01 2.181114657174125504e-01
-7.162999999999999368e-01 2.177692298596523579e-01
-7.161999999999999478e-01 2.173210475979411305e-01
-7.160999999999999588e-01 2.168710148030464080e-01
-7.159999999999999698e-01 2.164246322789599997e-01
-7.158999999999999808e-01 2.160543119647530264e-01
-7.157999999999999918e-01 2.155744699724513325e-01
-7.157000000000000028e-01 2.151147981675626819e-01
-7.156000000000000139e-01 2.147314445215039724e-01
-7.155000000000000249e-01 2.143211709528225206e-01
-7.153999999999999249e-01 2.139007849678355166e-01
-7.152999999999999359e-01 2.134414790424674357e-01
-7.151999999999999469e-01 2.130435348874508417e-01
-7.150999999999999579e-01 2.126081284963606821e-01
-7.149999999999999689e-01 2.122026538747270041e-01
-7.148999999999999799e-01 2.117819516326207296e-01
-7.147999999999999909e-01 2.112741138538051511e-01
-7.147000000000000020e-01 2.108482072787766226e-01
-7.146000000000000130e-01 2.103705395088499575e-01
-7.144999999999999130e-01 2.100030644374921707e-01
-7.143999999999999240e-01 2.095637764819077986e-01
-7.142999999999999350e-01 2.091654090893902140e-01
-7.141999999999999460e-01 2.087731383397536111e-01
-7.140999999999999570e-01 2.083311807649150804e-01
-7.139999999999999680e-01 2.079090924893039760e-01
-7.138999999999999790e-01 2.074677152676598357e-01
-7.137999999999999901e-01 2.071376011438136600e-01
-7.137000000000000011e-01 2.067483646043667966e-01
-7.136000000000000121e-01 2.063426675642304475e-01
-7.135000000000000231e-01 2.058862362967271431e-01
-7.133999999999999231e-01 2.055266438133392104e-01
-7.132999999999999341e-01 2.051634859026728874e-01
-7.131999999999999451e-01 2.046254219954113662e-01
-7.130999999999999561e-01 2.042512114693236236e-01
-7.129999999999999671e-01 2.038225501042065235e-01
-7.128999999999999782e-01 2.034197858837362705e-01
-7.127999999999999892e-01 2.030062177422729264e-01
-7.127000000000000002e-01 2.026118223037663979e-01
-7.126000000000000112e-01 2.022117348470406639e-01
-7.124999999999999112e-01 2.017814356005012966e-01
-7.123999999999999222e-01 2.013282330897628591e-01
-7.122999999999999332e-01 2.007612495934054386e-01
-7.121999999999999442e-01 2.003861054494687766e-01
-7.120999999999999552e-01 1.999854136664129811e-01
-7.119999999999999662e-01 1.995725504480347912e-01
-7.118999999999999773e-01 1.992545522048290163e-01
-7.117999999999999883e-01 1.988908211562228634e-01
-7.116999999999999993e-01 1.984341602717691333e-01
-7.116000000000000103e-01 1.980500976083063303e-01
-7.115000000000000213e-01 1.976338577390719942e-01
-7.113999999999999213e-01 1.971803960537140410e-01
-7.112999999999999323e-01 1.967904991039962359e-01
-7.111999999999999433e-01 1.963866029667193369e-01
-7.110999999999999543e-01 1.960085350447625108e-01
-7.109999999999999654e-01 1.955915691410822221e-01
-7.108999999999999764e-01 1.951585597773580760e-01
-7.107999999999999874e-01 1.947963701920161772e-01
-7.106999999999999984e-01 1.943815963405855218e-01
-7.106000000000000094e-01 1.940229138157088251e-01
-7.104999999999999094e-01 1.935885196370750183e-01
-7.103999999999999204e-01 1.931581360043810036e-01
-7.102999999999999314e-01 1.927776069677235027e-01
-7.101999999999999424e-01 1.923780763106529013e-01
-7.100999999999999535e-01 1.919759276303168727e-01
-7.099999999999999645e-01 1.916248280084182631e-01
-7.098999999999999755e-01 1.912524073810222547e-01
-7.097999999999999865e-01 1.908770480016849791e-01
-7.096999999999999975e-01 1.905277678454977419e-01
-7.096000000000000085e-01 1.901086149530499259e-01
-7.095000000000000195e-01 1.896979829468470879e-01
-7.093999999999999195e-01 1.893318723547299520e-01
-7.092999999999999305e-01 1.889008264987147023e-01
-7.091999999999999416e-01 1.885112711266681840e-01
-7.090999999999999526e-01 1.881472831674842194e-01
-7.089999999999999636e-01 1.878050714454257142e-01
-7.088999999999999746e-01 1.874419826510904663e-01
-7.087999999999999856e-01 1.871135458506077431e-01
-7.086999999999999966e-01 1.867954170393821833e-01
-7.086000000000000076e-01 1.864097742492109577e-01
-7.084999999999999076e-01 1.860984220769994479e-01
-7.083999999999999186e-01 1.857365118228369583e-01
-7.082999999999999297e-01 1.853485138373756613e-01
-7.081999999999999407e-01 1.849696358326654022e-01
-7.080999999999999517e-01 1.846375385356137655e-01
-7.079999999999999627e-01 1.842347740163042535e-01
-7.078999999999999737e-01 1.838563208239843982e-01
-7.077999999999999847e-01 1.834842720496509261e-01
-7.076999999999999957e-01 1.831365829938397527e-01
-7.076000000000000068e-01 1.826945647895124591e-01
-7.075000000000000178e-01 1.823796925347138942e-01
-7.073999999999999178e-01 1.819660940759296186e-01
-7.072999999999999288e-01 1.816094510992204702e-01
-7.071999999999999398e-01 1.812278645928562248e-01
-7.070999999999999508e-01 1.808051102391391163e-01
-7.069999999999999618e-01 1.805119247444123554e-01
-7.068999999999999728e-01 1.802203890804202346e-01
-7.067999999999999838e-01 1.798651862731932005e-01
-7.066999999999999948e-01 1.794954047865269797e-01
-7.066000000000000059e-01 1.791883509787223216e-01
-7.064999999999999059e-01 1.788130259577504211e-01
-7.063999999999999169e-01 1.784379611373054231e-01
-7.062999999999999279e-01 1.781513540824830877e-01
-7.061999999999999389e-01 1.778331959941941154e-01
-7.060999999999999499e-01 1.774955516925490751e-01
-7.059999999999999609e-01 1.771454276755866086e-01
-7.058999999999999719e-01 1.768401089730246845e-01
-7.057999999999999829e-01 1.765093405482005828e-01
-7.056999999999999940e-01 1.761141134036823819e-01
-7.056000000000000050e-01 1.757876646617537730e-01
-7.055000000000000160e-01 1.754254286427308629e-01
-7.053999999999999160e-01 1.750237118896966204e-01
-7.052999999999999270e-01 1.745426910865046644e-01
-7.051999999999999380e-01 1.741389585367514037e-01
-7.050999999999999490e-01 1.737955013739162780e-01
-7.049999999999999600e-01 1.733439201164080068e-01
-7.048999999999999710e-01 1.730171221976175011e-01
-7.047999999999999821e-01 1.726394342464768195e-01
-7.046999999999999931e-01 1.722010617487698403e-01
-7.046000000000000041e-01 1.718611069083959275e-01
-7.044999999999999041e-01 1.715299698589383415e-01
-7.043999999999999151e-01 1.713065040410957640e-01
-7.042999999999999261e-01 1.710644658363398296e-01
-7.041999999999999371e-01 1.707376232550393003e-01
-7.040999999999999481e-01 1.703767738501868745e-01
-7.039999999999999591e-01 1.700323489296201029e-01
-7.038999999999999702e-01 1.696328792730535384e-01
-7.037999999999999812e-01 1.693218083623554693e-01
-7.036999999999999922e-01 1.690137259658965052e-01
-7.036000000000000032e-01 1.686025310042287284e-01
-7.035000000000000142e-01 1.682918442588040298e-01
-7.033999999999999142e-01 1.679460162285549840e-01
-7.032999999999999252e-01 1.675952978738917964e-01
-7.031999999999999362e-01 1.673187550567634962e-01
-7.030999999999999472e-01 1.670940104917002789e-01
-7.029999999999999583e-01 1.667484089012006288e-01
-7.028999999999999693e-01 1.664368767919365000e-01
-7.027999999999999803e-01 1.661570337646944562e-01
-7.026999999999999913e-01 1.658325968861938671e-01
-7.026000000000000023e-01 1.654912087150295363e-01
-7.024999999999999023e-01 1.651396590471633508e-01
-7.023999999999999133e-01 1.647661967900211077e-01
-7.022999999999999243e-01 1.644398206734450918e-01
-7.021999999999999353e-01 1.640534442219886424e-01
-7.020999999999999464e-01 1.637808674047872282e-01
-7.019999999999999574e-01 1.634660432808344444e-01
-7.018999999999999684e-01 1.631143747415260969e-01
-7.017999999999999794e-01 1.627386063084699519e-01
-7.016999999999999904e-01 1.624000632225106600e-01
-7.016000000000000014e-01 1.621438469427893270e-01
-7.015000000000000124e-01 1.618970148171684775e-01
-7.013999999999999124e-01 1.616124510974235873e-01
-7.012999999999999234e-01 1.612267224627587647e-01
-7.011999999999999345e-01 1.609467830751035167e-01
-7.010999999999999455e-01 1.606410211673688637e-01
-7.009999999999999565e-01 1.603181535463426288e-01
-7.008999999999999675e-01 1.599437754583190041e-01
-7.007999999999999785e-01 1.595467540370840431e-01
-7.006999999999999895e-01 1.592868377556864723e-01
-7.006000000000000005e-01 1.589541897627198275e-01
-7.004999999999999005e-01 1.585868948679992618e-01
-7.003999999999999115e-01 1.582536084561245726e-01
-7.002999999999999226e-01 1.579819749776919524e-01
-7.001999999999999336e-01 1.576153686432532897e-01
-7.000999999999999446e-01 1.573685993160924279e-01
-6.999999999999999556e-01 1.569736197238384701e-01
