# Cycle: 199990, status: ACC, move: ('sh', 0.696015295, 10, 14)
#     Time      Potential        Kinetic
         0      -0.873314       0.180473            nan            nan
         1      -0.856584       0.136381            nan            nan
         2      -0.842276       0.103318            nan            nan
         3      -0.828662       0.088462            nan            nan
         4      -0.816088       0.075963            nan            nan
         5      -0.803664       0.059628            nan            nan
         6      -0.793169       0.055197            nan            nan
         7      -0.782125       0.043827            nan            nan
         8      -0.772706       0.039277            nan            nan
         9      -0.763732       0.034829            nan            nan
        10      -0.754344       0.036942            nan            nan
        11      -0.745980       0.019907            nan            nan
        12      -0.740717       0.006009            nan            nan
        13      -0.736814       0.006425            nan            nan
        14      -0.734195       0.000970            nan            nan
        15      -0.734254       0.000790            nan            nan
        16      -0.737196       0.005096            nan            nan
        17      -0.741402       0.010220            nan            nan
        18      -0.746258       0.008587            nan            nan
        19      -0.751923       0.020058            nan            nan
        20      -0.761350       0.051662            nan            nan
        21      -0.772729       0.042595            nan            nan
        22      -0.783094       0.043825            nan            nan
        23      -0.793064       0.042487            nan            nan
        24      -0.802459       0.038075            nan            nan
        25      -0.812110       0.039615            nan            nan
        26      -0.821848       0.058716            nan            nan
        27      -0.833567       0.075825            nan            nan
        28      -0.846546       0.107793            nan            nan
        29      -0.860626       0.120015            nan            nan
        30      -0.875812       0.151427            nan            nan
